SIMULATION PARAMETERS:
n = 90
m = 160
k = 1
p = 3
recruit_likeliness = 0.01
defeat_likeliness = 0.1
starting_control = 100
resource_noise_scale = 0.026352314

SIMULATION DATA:
t	NATION -1 SIZE	NATION -1 RESOURCES	NATION 0 SIZE	NATION 0 RESOURCES	NATION 1 SIZE	NATION 1 RESOURCES	NATION 2 SIZE	NATION 2 RESOURCES	
0	0.0	0.0	0.0	0.0	0.0	0.0	0.0	0.0	
55	14397.0	3017.1094	1.0	1.0	1.0	1.0	1.0	1.0	
56	14397.0	3017.1094	1.0	1.0	1.0	1.0	1.0	1.0	
57	14396.0	3016.768	1.0	1.0	2.0	1.3412554	1.0	1.0	
58	14392.0	3015.395	1.0	1.0	6.0	2.7144222	1.0	1.0	
59	14389.0	3014.3252	1.0	1.0	9.0	3.7837615	1.0	1.0	
60	14386.0	3013.2495	1.0	1.0	12.0	4.859475	1.0	1.0	
61	14378.0	3010.4604	1.0	1.0	20.0	7.6484604	1.0	1.0	
62	14371.0	3008.0264	1.0	1.0	27.0	10.082708	1.0	1.0	
63	14365.0	3005.9805	1.0	1.0	33.0	12.128929	1.0	1.0	
64	14353.0	3001.9175	1.0	1.0	45.0	16.191467	1.0	1.0	
65	14344.0	2998.9473	1.0	1.0	54.0	19.161987	1.0	1.0	
66	14334.0	2995.7163	1.0	1.0	64.0	22.39312	1.0	1.0	
67	14321.0	2991.599	1.0	1.0	77.0	26.509932	1.0	1.0	
68	14305.0	2986.6274	1.0	1.0	93.0	31.481749	1.0	1.0	
69	14285.0	2980.7017	1.0	1.0	112.0	37.286392	2.0	1.1211333	
70	14255.0	2972.2837	1.0	1.0	139.0	45.333195	5.0	1.4933839	
71	14228.0	2965.4307	1.0	1.0	160.0	51.482166	11.0	2.1978762	
72	14202.0	2958.5073	1.0	1.0	181.0	57.79484	16.0	2.808649	
73	14172.0	2951.6602	1.0	1.0	201.0	63.47819	26.0	3.9726691	
74	14148.0	2946.4614	1.0	1.0	216.0	67.6517	35.0	4.998161	
75	14127.0	2941.858	1.0	1.0	230.0	71.451385	42.0	5.801849	
76	14103.0	2936.8877	1.0	1.0	246.0	75.554634	50.0	6.668637	
77	14072.0	2930.9253	1.0	1.0	265.0	80.2295	62.0	7.9555845	
78	14045.0	2926.1597	1.0	1.0	278.0	83.507965	76.0	9.442498	
79	14023.0	2922.4268	1.0	1.0	289.0	86.14059	87.0	10.542832	
80	14000.0	2918.7363	1.0	1.0	299.0	88.483864	100.0	11.889872	
81	13977.0	2914.6157	1.0	1.0	311.0	91.5607	111.0	12.933821	
82	13963.0	2912.25	1.0	1.0	316.0	93.02336	120.0	13.837314	
83	13943.0	2908.292	1.0	1.0	325.0	95.84061	131.0	14.977622	
84	13929.0	2905.2642	1.0	1.0	333.0	98.26967	137.0	15.575885	
85	13909.0	2901.0967	1.0	1.0	342.0	101.21148	148.0	16.802015	
86	13892.0	2896.8594	1.0	1.0	352.0	104.69714	155.0	17.55302	
87	13870.0	2891.107	1.0	1.0	366.0	109.57623	163.0	18.42601	
88	13844.0	2884.4321	1.0	1.0	384.0	115.308334	171.0	19.368637	
89	13824.0	2880.02	1.0	1.0	393.0	118.472946	182.0	20.616425	
90	13797.0	2873.9775	1.0	1.0	409.0	123.36405	193.0	21.767368	
91	13767.0	2866.4658	1.0	1.0	430.0	129.89142	202.0	22.752266	
92	13736.0	2859.7822	2.0	1.0396584	448.0	135.38731	214.0	23.900333	
93	13700.0	2851.0947	2.0	1.0396584	470.0	142.59756	228.0	25.377228	
94	13654.0	2840.663	2.0	1.0396584	494.0	150.79881	250.0	27.608654	
95	13616.0	2832.6328	2.0	1.0396584	512.0	156.65503	270.0	29.782948	
96	13581.0	2825.2046	2.0	1.0396584	529.0	162.2745	288.0	31.591753	
97	13545.0	2818.1685	2.0	1.0396584	544.0	167.13744	309.0	33.765682	
98	13523.0	2814.6567	3.0	1.0848119	551.0	169.25652	323.0	35.112907	
99	13494.0	2810.683	3.0	1.0848119	557.0	170.95908	346.0	37.38354	
100	13467.0	2807.2515	3.0	1.0848119	561.0	172.15541	369.0	39.619003	
101	13440.0	2804.1367	4.0	1.135366	563.0	172.7869	393.0	42.051678	
102	13415.0	2801.2607	4.0	1.135366	566.0	173.41527	415.0	44.299736	
103	13384.0	2797.311	4.0	1.135366	572.0	174.85039	440.0	46.814102	
104	13348.0	2793.4297	4.0	1.135366	575.0	175.47156	473.0	50.074955	
105	13315.0	2788.7026	4.0	1.135366	584.0	177.7123	497.0	52.56108	
106	13274.0	2783.5264	4.0	1.135366	593.0	179.84856	529.0	55.601776	
107	13244.0	2779.5742	4.0	1.135366	601.0	181.78027	551.0	57.622738	
108	13211.0	2775.7295	4.0	1.135366	605.0	182.83128	580.0	60.41618	
109	13185.0	2772.354	5.0	1.1894047	611.0	184.55408	599.0	62.015297	
110	13143.0	2765.771	5.0	1.1894047	620.0	187.6415	632.0	65.5109	
111	13107.0	2759.2944	7.0	1.3037322	629.0	191.47546	657.0	68.03868	
112	13065.0	2753.1826	10.0	1.481645	634.0	193.3381	691.0	72.11012	
113	13030.0	2746.6	15.0	1.7814502	645.0	197.37335	710.0	74.35717	
114	13002.0	2741.5942	15.0	1.7814502	655.0	200.31964	728.0	76.416954	
115	12967.0	2735.6045	17.0	1.908766	665.0	203.41211	751.0	79.18693	
116	12933.0	2728.9106	17.0	1.908766	678.0	207.44064	772.0	81.85294	
117	12886.0	2720.8276	18.0	1.9576687	691.0	210.98268	805.0	86.344475	
118	12843.0	2712.4536	20.0	2.0746777	705.0	215.83943	832.0	89.74388	
119	12807.0	2705.995	23.0	2.231771	716.0	218.97543	854.0	92.90888	
120	12763.0	2698.2085	25.0	2.3393161	725.0	221.63025	887.0	97.932915	
121	12714.0	2689.7637	27.0	2.4343827	742.0	225.2498	917.0	102.662674	
122	12665.0	2681.4385	28.0	2.4802458	752.0	227.63365	955.0	108.55781	
123	12605.0	2671.8958	31.0	2.6323411	763.0	230.31044	1001.0	115.27144	
124	12562.0	2663.2952	32.0	2.686513	774.0	234.26128	1032.0	119.86656	
125	12520.0	2655.2698	34.0	2.788834	782.0	236.9049	1064.0	125.14512	
126	12475.0	2646.6218	36.0	2.906077	792.0	239.70056	1097.0	130.88048	
127	12429.0	2637.6328	42.0	3.2627025	799.0	241.32713	1130.0	137.88603	
128	12376.0	2627.1265	45.0	3.4472334	808.0	243.89064	1171.0	145.64429	
129	12334.0	2618.638	47.0	3.5618725	812.0	245.1498	1207.0	152.75854	
130	12293.0	2609.2617	52.0	3.844108	818.0	247.73987	1237.0	159.26236	
131	12249.0	2599.6814	58.0	4.1847167	821.0	248.73502	1272.0	167.50638	
132	12189.0	2586.5525	61.0	4.365102	831.0	252.10301	1319.0	177.08653	
133	12133.0	2574.0283	64.0	4.549814	838.0	254.2113	1365.0	187.31708	
134	12085.0	2561.9385	65.0	4.619208	849.0	257.64856	1401.0	195.90034	
135	12023.0	2547.5996	68.0	4.7913094	860.0	260.47748	1449.0	207.23735	
136	11942.0	2528.764	75.0	5.2434525	878.0	266.46057	1505.0	219.63806	
137	11875.0	2512.6606	77.0	5.380583	895.0	271.5567	1553.0	230.50923	
138	11815.0	2497.9434	81.0	5.631142	911.0	275.7193	1593.0	240.81232	
139	11746.0	2480.4485	85.0	5.9210215	929.0	280.79666	1640.0	252.93921	
140	11682.0	2467.355	91.0	6.370847	950.0	285.3128	1677.0	261.06708	
141	11626.0	2455.8147	95.0	6.7251225	965.0	288.07254	1714.0	269.494	
142	11567.0	2443.231	100.0	7.168671	978.0	291.56992	1755.0	278.13712	
143	11507.0	2429.9211	109.0	7.9278574	990.0	294.22992	1794.0	288.02737	
144	11448.0	2417.9011	120.0	9.110745	997.0	295.9497	1835.0	297.14624	
145	11366.0	2400.9514	134.0	10.289825	1007.0	298.66095	1893.0	310.20517	
146	11308.0	2387.9353	141.0	10.97591	1019.0	302.0567	1932.0	319.13943	
147	11242.0	2374.1833	152.0	12.013485	1024.0	303.8903	1982.0	330.02097	
148	11177.0	2360.0527	160.0	12.802371	1031.0	306.9882	2032.0	340.2656	
149	11121.0	2346.518	165.0	13.300008	1041.0	310.91373	2073.0	349.3765	
150	11050.0	2329.2473	170.0	13.906021	1052.0	315.0609	2128.0	361.89313	
151	10973.0	2308.6926	176.0	14.579746	1065.0	320.4736	2186.0	376.3605	
152	10895.0	2289.1348	185.0	15.762617	1080.0	326.05475	2240.0	389.1553	
153	10812.0	2267.3833	189.0	16.072407	1098.0	332.13254	2301.0	404.51907	
154	10731.0	2247.3777	197.0	16.583815	1113.0	337.87668	2359.0	418.268	
155	10654.0	2228.3665	204.0	17.055265	1128.0	342.70413	2414.0	431.9797	
156	10581.0	2209.304	212.0	17.72908	1143.0	347.85446	2464.0	445.217	
157	10498.0	2189.2983	222.0	18.724617	1153.0	351.6502	2527.0	460.4317	
158	10412.0	2167.5225	229.0	19.500814	1163.0	354.88205	2596.0	478.19946	
159	10328.0	2147.1704	240.0	20.759157	1171.0	357.69455	2661.0	494.4802	
160	10233.0	2124.6958	252.0	22.075052	1181.0	360.54456	2734.0	512.78845	
161	10128.0	2098.6057	275.0	24.99323	1188.0	363.308	2809.0	533.19604	
162	10037.0	2076.0764	296.0	27.684069	1193.0	364.54715	2874.0	551.79626	
163	9955.0	2055.2031	313.0	30.47045	1199.0	365.95227	2933.0	568.47736	
164	9884.0	2035.496	325.0	32.30402	1203.0	367.30115	2988.0	585.0022	
165	9815.0	2018.2845	343.0	34.967316	1207.0	368.38977	3035.0	598.4623	
166	9735.0	1996.7749	368.0	39.10755	1214.0	370.67575	3083.0	613.5463	
167	9651.0	1976.0297	395.0	43.69879	1227.0	373.9308	3127.0	626.44507	
168	9574.0	1957.33	420.0	47.674366	1229.0	374.5082	3177.0	640.5917	
169	9498.0	1938.6967	440.0	51.291733	1235.0	375.6771	3227.0	654.4388	
170	9414.0	1917.839	471.0	56.67999	1241.0	377.1038	3274.0	668.4812	
171	9338.0	1899.0259	496.0	61.262184	1246.0	378.03946	3320.0	681.776	
172	9246.0	1876.7053	522.0	64.966576	1250.0	379.52155	3382.0	698.91046	
173	9173.0	1859.8011	540.0	68.05172	1254.0	380.82516	3433.0	711.4254	
174	9099.0	1841.9565	558.0	70.80521	1260.0	382.60272	3483.0	724.73956	
175	9018.0	1823.9241	581.0	74.316475	1265.0	383.91278	3536.0	737.9509	
176	8934.0	1806.5645	605.0	77.76931	1274.0	386.05713	3587.0	749.7138	
177	8836.0	1786.8832	640.0	82.66292	1281.0	388.20618	3643.0	762.35187	
178	8736.0	1766.8591	675.0	87.64506	1296.0	391.96194	3693.0	773.63776	
179	8645.0	1748.0695	716.0	93.965675	1305.0	394.38608	3734.0	783.6831	
180	8551.0	1728.651	746.0	98.09026	1311.0	396.24005	3792.0	797.12305	
181	8462.0	1710.3113	772.0	101.80707	1317.0	398.1212	3849.0	809.8648	
182	8363.0	1691.6554	808.0	106.78178	1321.0	398.87006	3908.0	822.7965	
183	8265.0	1672.9539	836.0	110.13613	1328.0	400.23178	3971.0	836.7812	
184	8159.0	1651.1508	864.0	114.5235	1342.0	403.00864	4035.0	851.4203	
185	8091.0	1638.3163	889.0	118.49551	1348.0	404.16446	4072.0	859.1275	
186	8020.0	1621.9493	903.0	120.7191	1354.0	405.62732	4123.0	871.80756	
187	7948.0	1606.2085	923.0	124.19769	1358.0	406.424	4171.0	883.2734	
188	7853.0	1583.7686	942.0	127.32019	1365.0	408.4528	4240.0	900.56244	
189	7770.0	1566.481	967.0	131.17804	1371.0	409.66617	4292.0	912.77936	
190	7687.0	1546.4994	989.0	135.10478	1377.0	410.91785	4347.0	927.58307	
191	7605.0	1527.5034	1008.0	137.53778	1381.0	412.0391	4406.0	943.02484	
192	7529.0	1510.3582	1023.0	139.81903	1386.0	413.27203	4462.0	956.65576	
193	7451.0	1491.4285	1040.0	141.32393	1392.0	415.03455	4517.0	972.3186	
194	7362.0	1468.1915	1056.0	143.60707	1395.0	415.71182	4587.0	992.5959	
195	7282.0	1447.8135	1070.0	145.79958	1398.0	416.7217	4650.0	1009.77136	
196	7189.0	1426.3093	1086.0	148.05675	1397.0	416.55255	4728.0	1029.1874	
197	7106.0	1406.5979	1100.0	150.03322	1401.0	417.59995	4793.0	1045.8751	
198	7025.0	1388.3625	1118.0	152.60257	1398.0	417.1902	4859.0	1061.9502	
199	6940.0	1368.0487	1142.0	156.64465	1403.0	418.42038	4915.0	1076.9915	
200	6869.0	1351.304	1160.0	159.56401	1403.0	418.27298	4968.0	1090.9644	
201	6790.0	1332.9636	1192.0	164.61273	1406.0	419.06985	5012.0	1103.459	
202	6715.0	1316.7677	1222.0	169.31633	1407.0	419.6064	5056.0	1114.4141	
203	6640.0	1298.3843	1239.0	171.99525	1408.0	420.0671	5113.0	1129.6578	
204	6548.0	1276.0999	1270.0	177.21725	1406.0	419.71027	5176.0	1147.0782	
205	6477.0	1259.7026	1299.0	182.54076	1412.0	421.52777	5212.0	1156.3337	
206	6378.0	1233.1721	1333.0	189.11584	1415.0	422.4015	5274.0	1175.4153	
207	6300.0	1213.5372	1356.0	193.31558	1418.0	423.73972	5326.0	1189.5122	
208	6245.0	1198.6725	1373.0	196.90288	1418.0	423.9349	5364.0	1200.5953	
209	6177.0	1182.5026	1401.0	202.49782	1419.0	424.30133	5403.0	1210.8038	
210	6120.0	1167.9188	1416.0	205.00362	1415.0	423.7392	5449.0	1223.444	
211	6037.0	1146.4955	1440.0	210.26964	1419.0	424.81992	5504.0	1238.5203	
212	5968.0	1129.7552	1457.0	213.65375	1421.0	425.20215	5554.0	1251.4946	
213	5894.0	1112.3977	1480.0	219.09921	1423.0	425.57193	5603.0	1263.0364	
214	5822.0	1095.8485	1506.0	224.61127	1422.0	425.62582	5650.0	1274.0193	
215	5747.0	1077.9622	1528.0	228.99971	1418.0	424.898	5707.0	1288.2457	
216	5670.0	1060.9987	1550.0	233.62914	1416.0	424.59958	5764.0	1300.8788	
217	5605.0	1046.3422	1572.0	239.07718	1414.0	424.28946	5809.0	1310.3969	
218	5529.0	1028.6045	1602.0	246.18683	1413.0	423.6574	5856.0	1321.6573	
219	5455.0	1011.57086	1636.0	254.56572	1411.0	423.22885	5898.0	1330.74	
220	5389.0	996.20667	1672.0	262.8367	1409.0	422.95084	5930.0	1338.1107	
221	5306.0	977.3335	1710.0	271.4631	1404.0	421.98682	5980.0	1349.321	
222	5223.0	958.43085	1736.0	277.98407	1407.0	422.55942	6034.0	1361.1309	
223	5154.0	942.37384	1759.0	283.06366	1405.0	422.3004	6082.0	1372.367	
224	5089.0	927.9883	1775.0	286.4302	1404.0	422.07285	6132.0	1383.6139	
225	5034.0	917.357	1795.0	289.93408	1400.0	420.95505	6171.0	1391.8593	
226	4971.0	906.0001	1809.0	291.53113	1402.0	421.37338	6218.0	1401.2009	
227	4918.0	895.0077	1818.0	292.66116	1401.0	421.5729	6263.0	1410.8636	
228	4862.0	884.6099	1828.0	294.13028	1399.0	421.2215	6311.0	1420.1437	
229	4799.0	873.04004	1839.0	295.17654	1394.0	419.63135	6368.0	1432.2574	
230	4748.0	863.4063	1848.0	295.78082	1389.0	418.34213	6415.0	1442.5762	
231	4696.0	852.6564	1857.0	296.35886	1392.0	419.34814	6455.0	1451.7421	
232	4649.0	844.2052	1867.0	297.39716	1388.0	418.42407	6496.0	1460.0795	
233	4604.0	835.0743	1870.0	297.5374	1385.0	417.37817	6541.0	1470.116	
234	4565.0	827.857	1876.0	297.78717	1383.0	416.99173	6576.0	1477.4698	
235	4527.0	821.2009	1884.0	298.6965	1382.0	417.23865	6607.0	1482.97	
236	4486.0	814.63403	1891.0	299.11932	1384.0	417.53915	6639.0	1488.8137	
237	4446.0	806.99164	1898.0	299.37415	1383.0	417.60458	6673.0	1496.136	
238	4410.0	800.1924	1905.0	299.6992	1383.0	417.67712	6702.0	1502.5377	
239	4373.0	792.96027	1906.0	298.85632	1385.0	417.9406	6736.0	1510.3491	
240	4332.0	785.91504	1915.0	299.25888	1385.0	418.0447	6768.0	1516.8878	
241	4298.0	779.2025	1918.0	299.28812	1380.0	416.55234	6804.0	1525.0629	
242	4243.0	768.7381	1920.0	298.19623	1376.0	415.19226	6861.0	1537.9789	
243	4186.0	759.8378	1929.0	297.61487	1373.0	414.33618	6912.0	1548.3164	
244	4140.0	751.57886	1943.0	299.14148	1369.0	413.0385	6948.0	1556.347	
245	4087.0	741.8284	1955.0	300.75955	1379.0	414.7873	6979.0	1562.7305	
246	4047.0	734.1192	1959.0	300.681	1388.0	416.15466	7006.0	1569.1511	
247	4003.0	725.21594	1960.0	300.26126	1388.0	415.68237	7049.0	1578.9458	
248	3958.0	717.37744	1968.0	300.9727	1387.0	415.37976	7087.0	1586.3752	
249	3915.0	709.515	1963.0	299.08398	1391.0	415.60574	7131.0	1595.9009	
250	3878.0	702.1076	1966.0	299.07986	1386.0	414.5883	7170.0	1604.3296	
251	3844.0	696.2308	1972.0	299.32428	1379.0	412.7983	7205.0	1611.7516	
252	3797.0	687.68646	1974.0	298.6636	1373.0	411.00513	7256.0	1622.7498	
253	3765.0	680.87427	1972.0	297.23508	1367.0	409.76804	7296.0	1632.2278	
254	3727.0	673.8735	1977.0	297.0899	1361.0	408.6643	7335.0	1640.4767	
255	3693.0	668.0909	1984.0	297.8177	1357.0	407.9008	7366.0	1646.2947	
256	3640.0	659.67615	1983.0	296.82742	1349.0	405.91476	7428.0	1657.6855	
257	3608.0	653.82587	1979.0	295.8366	1338.0	402.68622	7475.0	1667.7554	
258	3558.0	645.5992	1982.0	294.9468	1329.0	400.97025	7531.0	1678.5876	
259	3529.0	641.10974	1981.0	293.41635	1313.0	397.05453	7577.0	1688.5238	
260	3505.0	637.0673	1969.0	290.23773	1304.0	394.8185	7622.0	1697.9803	
261	3476.0	631.7232	1960.0	287.78214	1295.0	392.87152	7669.0	1707.7267	
262	3438.0	624.99634	1959.0	285.9512	1284.0	390.51355	7719.0	1718.6427	
263	3412.0	621.12634	1945.0	281.17188	1270.0	387.508	7773.0	1730.2979	
264	3377.0	614.96655	1941.0	279.24954	1262.0	385.3176	7820.0	1740.5706	
265	3347.0	609.9405	1929.0	275.60046	1249.0	382.77002	7875.0	1751.7933	
266	3314.0	603.79156	1928.0	274.32388	1236.0	379.93677	7922.0	1762.0518	
267	3291.0	599.5187	1914.0	270.81775	1222.0	376.94797	7973.0	1772.8195	
268	3258.0	593.91254	1905.0	268.0403	1205.0	373.05432	8032.0	1785.0964	
269	3231.0	588.50977	1896.0	265.21698	1197.0	371.62595	8076.0	1794.7509	
270	3198.0	583.50305	1887.0	261.78693	1187.0	368.83224	8128.0	1805.9813	
271	3165.0	576.519	1871.0	257.92136	1174.0	366.20816	8190.0	1819.4554	
272	3136.0	570.56464	1849.0	253.32193	1164.0	363.88318	8251.0	1832.3334	
273	3099.0	565.3939	1834.0	249.33372	1148.0	360.22473	8319.0	1845.1499	
274	3069.0	560.23846	1823.0	246.29672	1136.0	357.803	8372.0	1855.7635	
275	3041.0	555.3577	1808.0	242.87263	1124.0	354.93146	8427.0	1866.94	
276	3012.0	550.2133	1785.0	238.34314	1111.0	352.28085	8492.0	1879.2639	
277	2985.0	546.4448	1770.0	235.10306	1097.0	348.12866	8548.0	1890.4243	
278	2949.0	540.0865	1751.0	230.49188	1089.0	346.60834	8611.0	1902.9142	
279	2918.0	535.3314	1737.0	226.64432	1076.0	343.78986	8669.0	1914.335	
280	2895.0	530.91644	1704.0	219.84036	1057.0	339.51788	8744.0	1929.8254	
281	2870.0	525.7393	1674.0	214.10681	1040.0	335.7862	8816.0	1944.4673	
282	2842.0	520.3539	1651.0	208.35083	1023.0	331.6593	8884.0	1959.7357	
283	2817.0	516.9651	1637.0	205.6298	1006.0	328.3714	8940.0	1969.1329	
284	2791.0	513.13116	1619.0	202.2984	990.0	324.17557	9000.0	1980.4944	
285	2770.0	509.05356	1589.0	196.71295	977.0	321.64337	9064.0	1992.69	
286	2744.0	504.18625	1566.0	191.99744	961.0	318.05368	9129.0	2005.8625	
287	2726.0	501.16873	1543.0	187.78873	943.0	313.83813	9188.0	2017.3044	
288	2697.0	496.7997	1517.0	183.38976	929.0	310.05682	9257.0	2029.8536	
289	2660.0	487.91638	1498.0	179.53288	908.0	304.21716	9334.0	2048.4338	
290	2638.0	484.00046	1480.0	176.1381	894.0	301.06363	9388.0	2058.8982	
291	2619.0	481.17444	1460.0	172.61153	869.0	295.40488	9452.0	2070.9097	
292	2595.0	476.5812	1436.0	169.20363	857.0	293.0407	9512.0	2081.2756	
293	2570.0	471.2254	1411.0	164.79533	830.0	285.47372	9589.0	2098.608	
294	2549.0	468.16382	1397.0	162.07224	813.0	280.53238	9641.0	2109.3345	
295	2534.0	465.90732	1376.0	158.22342	788.0	274.06018	9702.0	2121.9124	
296	2502.0	459.92554	1353.0	154.31425	778.0	271.0753	9767.0	2134.789	
297	2478.0	455.3407	1334.0	150.90263	766.0	267.35605	9822.0	2146.5042	
298	2461.0	452.6507	1320.0	148.99365	742.0	260.79395	9877.0	2157.6653	
299	2438.0	448.1717	1292.0	144.43327	722.0	254.90813	9948.0	2172.5916	
300	2420.0	444.8223	1274.0	140.86765	693.0	246.52306	10013.0	2187.893	
301	2406.0	441.63788	1252.0	136.9737	670.0	240.32072	10072.0	2201.1729	
302	2384.0	437.68924	1237.0	134.64888	647.0	233.80956	10132.0	2213.959	
303	2358.0	432.72363	1219.0	131.89804	628.0	228.51604	10195.0	2226.9683	
304	2332.0	427.89832	1208.0	129.60434	608.0	222.79782	10252.0	2239.8054	
305	2314.0	425.72574	1196.0	127.35295	580.0	213.33813	10310.0	2253.6895	
306	2302.0	423.9291	1175.0	123.582794	557.0	205.84346	10366.0	2266.751	
307	2285.0	421.31882	1161.0	121.12919	542.0	201.08391	10412.0	2276.5742	
308	2273.0	418.68817	1136.0	117.11461	529.0	197.62659	10462.0	2286.6768	
309	2258.0	415.9091	1119.0	114.36209	508.0	191.24046	10515.0	2298.5935	
310	2234.0	410.0859	1096.0	111.114784	496.0	187.2581	10574.0	2311.6458	
311	2209.0	404.58383	1074.0	108.13476	483.0	183.06885	10634.0	2324.3171	
312	2188.0	401.2502	1058.0	105.513855	467.0	177.72658	10687.0	2335.613	
313	2177.0	399.55093	1041.0	102.91495	446.0	170.84744	10736.0	2346.7905	
314	2156.0	396.26816	1029.0	100.8793	430.0	165.41626	10785.0	2357.5403	
315	2132.0	391.50604	1017.0	99.16273	409.0	158.64183	10842.0	2370.7935	
316	2112.0	387.76724	997.0	96.785065	393.0	153.22903	10898.0	2382.3228	
317	2095.0	384.46716	986.0	95.585594	380.0	148.61102	10939.0	2391.4402	
318	2073.0	380.16672	976.0	94.220345	361.0	141.62137	10990.0	2404.0962	
319	2055.0	377.31262	967.0	92.87392	340.0	134.08972	11038.0	2415.8281	
320	2035.0	373.62527	958.0	91.72888	321.0	127.37709	11086.0	2427.372	
321	2016.0	371.13242	947.0	90.457504	297.0	118.72452	11140.0	2439.7893	
322	2000.0	368.33652	931.0	88.61244	287.0	115.07948	11182.0	2448.075	
323	1984.0	364.5694	918.0	87.42934	275.0	110.537346	11223.0	2457.5676	
324	1964.0	361.2307	910.0	86.404785	258.0	104.051575	11268.0	2468.4175	
325	1947.0	357.8939	893.0	84.606735	246.0	99.912315	11314.0	2477.6926	
326	1927.0	354.32797	879.0	82.890175	230.0	94.24388	11364.0	2488.6445	
327	1908.0	350.31226	872.0	81.93964	216.0	89.113396	11404.0	2498.7422	
328	1899.0	349.38675	861.0	80.69679	197.0	82.18468	11443.0	2507.8394	
329	1887.0	346.42203	842.0	78.83422	183.0	76.94673	11488.0	2517.9045	
330	1879.0	344.9021	826.0	77.26634	167.0	70.88677	11528.0	2527.052	
331	1857.0	341.6859	808.0	75.27894	157.0	66.71506	11578.0	2536.4275	
332	1844.0	339.33963	795.0	73.991806	153.0	64.96306	11608.0	2541.8127	
333	1827.0	336.84857	781.0	72.69027	139.0	59.543556	11653.0	2551.0261	
334	1800.0	331.42758	759.0	70.36664	131.0	56.293396	11710.0	2562.021	
335	1789.0	330.1274	749.0	69.44612	121.0	52.366898	11741.0	2568.168	
336	1781.0	329.83722	737.0	68.3528	110.0	47.98265	11772.0	2573.9353	
337	1770.0	327.41638	723.0	67.073814	104.0	45.676327	11803.0	2579.941	
338	1756.0	325.17743	710.0	65.84319	97.0	43.045815	11837.0	2586.0422	
339	1735.0	320.53094	692.0	64.204155	93.0	41.461166	11880.0	2593.9124	
340	1718.0	318.0368	680.0	62.9439	83.0	37.519352	11919.0	2601.6091	
341	1702.0	314.4163	659.0	61.239693	75.0	34.285885	11964.0	2610.1677	
342	1697.0	314.1522	652.0	60.620117	71.0	32.677174	11980.0	2612.6604	
343	1683.0	311.20807	637.0	59.59359	68.0	31.224346	12012.0	2618.0837	
344	1672.0	308.9596	620.0	57.87832	63.0	28.974348	12045.0	2624.2979	
345	1660.0	306.69363	598.0	55.90103	56.0	25.957117	12086.0	2631.5579	
346	1642.0	303.8147	576.0	53.81234	49.0	22.8759	12133.0	2639.6062	
347	1628.0	301.23145	565.0	53.1716	45.0	21.180685	12162.0	2644.5254	
348	1620.0	298.68146	548.0	51.94407	39.0	18.642605	12193.0	2650.8416	
349	1597.0	294.76263	537.0	51.096573	38.0	18.2345	12228.0	2656.0164	
350	1575.0	290.27164	522.0	49.795013	38.0	18.2345	12265.0	2661.8086	
351	1562.0	287.48715	503.0	48.045303	36.0	17.305138	12299.0	2667.2722	
352	1550.0	285.03302	485.0	46.303406	33.0	15.927821	12332.0	2672.8445	
353	1538.0	282.87808	474.0	45.441	31.0	15.023011	12357.0	2676.767	
354	1523.0	279.95422	463.0	44.88064	27.0	13.164316	12387.0	2682.1091	
355	1509.0	277.639	447.0	43.668877	27.0	13.164316	12417.0	2685.6357	
356	1494.0	274.9524	432.0	42.634346	25.0	12.209388	12449.0	2690.3118	
357	1479.0	272.2225	417.0	41.224644	25.0	12.209388	12479.0	2694.452	
358	1468.0	270.5864	394.0	38.90556	24.0	11.794182	12514.0	2698.8228	
359	1447.0	267.20502	383.0	37.862186	22.0	10.92622	12548.0	2704.1152	
360	1429.0	264.07327	369.0	36.95075	18.0	9.008733	12584.0	2710.0754	
361	1411.0	260.80887	358.0	35.588055	13.0	6.622702	12618.0	2717.0903	
362	1403.0	258.8823	341.0	33.741188	13.0	6.622702	12643.0	2720.8635	
363	1392.0	256.62988	329.0	32.568897	11.0	5.6815	12668.0	2725.2305	
364	1375.0	253.38353	319.0	31.786276	9.0	4.7177486	12697.0	2730.2231	
365	1368.0	251.26991	308.0	30.902195	9.0	4.7177486	12715.0	2733.221	
366	1352.0	248.91849	295.0	29.700968	8.0	4.30183	12745.0	2737.1897	
367	1338.0	246.99861	283.0	28.62998	6.0	3.3358068	12773.0	2741.1462	
368	1321.0	244.03833	269.0	26.985859	4.0	2.4183018	12806.0	2746.668	
369	1317.0	242.91899	254.0	25.197573	4.0	2.4183018	12825.0	2749.5752	
370	1304.0	240.08104	249.0	24.39482	4.0	2.4183018	12843.0	2753.2158	
371	1290.0	237.68492	234.0	22.848732	3.0	1.9486899	12873.0	2757.6274	
372	1277.0	235.98015	222.0	21.427082	3.0	1.9486899	12898.0	2760.7542	
373	1269.0	233.69823	207.0	19.4534	2.0	1.4769428	12922.0	2765.4817	
374	1255.0	230.77727	197.0	18.548746	2.0	1.4769428	12946.0	2769.3076	
375	1238.0	226.95102	186.0	17.284948	2.0	1.4769428	12974.0	2774.3975	
376	1232.0	225.35493	172.0	15.818179	2.0	1.4769428	12994.0	2777.4602	
377	1221.0	223.85582	158.0	14.216623	2.0	1.4769428	13019.0	2780.5608	
378	1205.0	220.71808	152.0	13.449549	2.0	1.4769428	13041.0	2784.466	
379	1199.0	220.14264	138.0	12.278413	2.0	1.4769428	13061.0	2786.2126	
380	1190.0	218.6884	124.0	11.042077	1.0	1.0	13085.0	2789.3806	
381	1181.0	216.23303	113.0	10.24519	1.0	1.0	13105.0	2792.6326	
382	1171.0	214.5659	103.0	9.146605	1.0	1.0	13125.0	2795.3982	
383	1158.0	212.7525	95.0	8.485275	1.0	1.0	13146.0	2797.8726	
384	1145.0	210.34589	92.0	8.1562195	1.0	1.0	13162.0	2800.6084	
385	1138.0	208.85623	85.0	7.52475	1.0	1.0	13176.0	2802.7295	
386	1132.0	207.74731	81.0	7.351613	1.0	1.0	13186.0	2804.0117	
387	1127.0	207.00475	70.0	6.4823623	1.0	1.0	13202.0	2805.6233	
388	1124.0	206.56949	61.0	5.7945137	1.0	1.0	13214.0	2806.746	
389	1111.0	204.52167	56.0	5.431218	1.0	1.0	13232.0	2809.1572	
390	1105.0	203.28061	48.0	4.888992	1.0	1.0	13246.0	2810.941	
391	1085.0	198.86365	41.0	4.311419	1.0	1.0	13273.0	2815.9355	
392	1068.0	196.10309	39.0	4.2215533	1.0	1.0	13292.0	2818.7852	
393	1061.0	194.81166	35.0	3.8931682	1.0	1.0	13303.0	2820.4053	
394	1045.0	191.90015	32.0	3.6294549	1.0	1.0	13322.0	2823.58	
395	1036.0	190.50491	28.0	3.4725535	1.0	1.0	13335.0	2825.132	
396	1026.0	188.56172	25.0	3.1941485	1.0	1.0	13348.0	2827.3538	
397	1019.0	187.13942	21.0	2.616124	1.0	1.0	13359.0	2829.3542	
398	1009.0	185.42516	20.0	2.5609887	1.0	1.0	13370.0	2831.1228	
399	1002.0	184.1404	19.0	2.512394	1.0	1.0	13378.0	2832.4563	
400	991.0	182.23347	17.0	2.416023	1.0	1.0	13391.0	2834.4604	
401	981.0	180.417	15.0	2.3247988	1.0	1.0	13403.0	2836.3687	
402	974.0	178.62636	11.0	2.083556	1.0	1.0	13414.0	2838.401	
403	964.0	176.67424	10.0	1.9085346	1.0	1.0	13425.0	2840.5278	
404	951.0	174.11174	9.0	1.7496874	1.0	1.0	13439.0	2843.249	
405	941.0	172.28604	9.0	1.7496874	1.0	1.0	13449.0	2845.0757	
406	933.0	170.95679	9.0	1.7496874	1.0	1.0	13457.0	2846.4048	
407	919.0	168.591	7.0	1.6380477	1.0	1.0	13473.0	2848.882	
408	911.0	167.35727	6.0	1.5756539	1.0	1.0	13482.0	2850.1777	
409	904.0	166.25082	4.0	1.3948574	1.0	1.0	13491.0	2851.4656	
410	901.0	165.60794	4.0	1.3948574	1.0	1.0	13494.0	2852.1082	
411	893.0	164.21552	4.0	1.3948574	1.0	1.0	13502.0	2853.5007	
412	879.0	161.42284	3.0	1.2219706	1.0	1.0	13517.0	2856.466	
413	870.0	159.5622	3.0	1.2219706	1.0	1.0	13526.0	2858.327	
414	859.0	157.70004	3.0	1.2219706	1.0	1.0	13537.0	2860.19	
415	853.0	156.21559	2.0	1.1701665	1.0	1.0	13544.0	2861.7263	
416	848.0	155.62993	2.0	1.1701665	1.0	1.0	13549.0	2862.3118	
417	841.0	154.39212	2.0	1.1701665	1.0	1.0	13556.0	2863.5496	
418	833.0	152.9582	2.0	1.1701665	1.0	1.0	13564.0	2864.9836	
419	822.0	150.88034	1.0	1.0	1.0	1.0	13576.0	2867.2314	
420	814.0	149.59883	1.0	1.0	1.0	1.0	13584.0	2868.5127	
421	804.0	148.16643	1.0	1.0	1.0	1.0	13594.0	2869.9453	
422	801.0	147.44678	1.0	1.0	1.0	1.0	13597.0	2870.6646	
423	790.0	145.50839	1.0	1.0	1.0	1.0	13608.0	2872.603	
424	781.0	143.70506	1.0	1.0	1.0	1.0	13617.0	2874.4067	
425	773.0	141.48723	1.0	1.0	1.0	1.0	13625.0	2876.6245	
426	766.0	140.27127	1.0	1.0	1.0	1.0	13632.0	2877.8406	
427	760.0	139.01129	1.0	1.0	1.0	1.0	13638.0	2879.1008	
428	751.0	137.15736	1.0	1.0	1.0	1.0	13647.0	2880.9548	
429	740.0	135.25455	1.0	1.0	1.0	1.0	13658.0	2882.857	
430	737.0	134.3632	1.0	1.0	1.0	1.0	13661.0	2883.7483	
431	731.0	133.5047	1.0	1.0	1.0	1.0	13667.0	2884.6064	
432	724.0	131.75761	1.0	1.0	1.0	1.0	13674.0	2886.354	
433	720.0	130.72803	1.0	1.0	1.0	1.0	13678.0	2887.3835	
434	711.0	128.9483	1.0	1.0	1.0	1.0	13687.0	2889.1628	
435	708.0	128.23259	1.0	1.0	1.0	1.0	13690.0	2889.8787	
436	700.0	126.61262	1.0	1.0	1.0	1.0	13698.0	2891.499	
437	694.0	125.53368	1.0	1.0	1.0	1.0	13704.0	2892.5776	
438	686.0	124.12104	1.0	1.0	1.0	1.0	13712.0	2893.9905	
439	678.0	122.63736	1.0	1.0	1.0	1.0	13720.0	2895.4739	
440	669.0	120.819244	1.0	1.0	1.0	1.0	13729.0	2897.2917	
441	662.0	119.50711	1.0	1.0	1.0	1.0	13736.0	2898.6038	
442	655.0	118.48396	1.0	1.0	1.0	1.0	13743.0	2899.6272	
443	646.0	117.19092	1.0	1.0	1.0	1.0	13752.0	2900.92	
444	645.0	117.13691	1.0	1.0	1.0	1.0	13753.0	2900.974	
445	638.0	115.70077	1.0	1.0	1.0	1.0	13760.0	2902.4104	
446	634.0	115.28424	1.0	1.0	1.0	1.0	13764.0	2902.827	
447	626.0	114.02308	1.0	1.0	1.0	1.0	13772.0	2904.0881	
448	621.0	113.31706	1.0	1.0	1.0	1.0	13777.0	2904.7942	
449	614.0	111.37669	1.0	1.0	1.0	1.0	13784.0	2906.7341	
450	610.0	110.65735	1.0	1.0	1.0	1.0	13788.0	2907.4536	
451	607.0	110.055435	1.0	1.0	1.0	1.0	13791.0	2908.0557	
452	603.0	109.34029	1.0	1.0	1.0	1.0	13795.0	2908.7705	
453	596.0	107.852905	1.0	1.0	1.0	1.0	13802.0	2910.2583	
454	591.0	107.06376	1.0	1.0	1.0	1.0	13807.0	2911.0469	
455	585.0	105.57838	1.0	1.0	1.0	1.0	13813.0	2912.5327	
456	582.0	104.888435	1.0	1.0	1.0	1.0	13816.0	2913.2227	
457	573.0	103.815094	1.0	1.0	1.0	1.0	13825.0	2914.2957	
458	568.0	102.723145	1.0	1.0	1.0	1.0	13830.0	2915.388	
459	564.0	101.99473	1.0	1.0	1.0	1.0	13834.0	2916.1162	
460	556.0	100.81544	1.0	1.0	1.0	1.0	13842.0	2917.2957	
461	552.0	100.16996	1.0	1.0	1.0	1.0	13846.0	2917.941	
462	550.0	99.687	1.0	1.0	1.0	1.0	13848.0	2918.4238	
463	545.0	99.08651	1.0	1.0	1.0	1.0	13853.0	2919.0244	
464	536.0	97.20641	1.0	1.0	1.0	1.0	13862.0	2920.9045	
465	532.0	96.56751	1.0	1.0	1.0	1.0	13866.0	2921.5432	
466	526.0	95.686165	1.0	1.0	1.0	1.0	13872.0	2922.4248	
467	519.0	94.70116	1.0	1.0	1.0	1.0	13879.0	2923.4097	
468	515.0	94.20791	1.0	1.0	1.0	1.0	13883.0	2923.9033	
469	509.0	92.9807	1.0	1.0	1.0	1.0	13889.0	2925.1309	
470	500.0	91.27967	1.0	1.0	1.0	1.0	13898.0	2926.8315	
471	493.0	90.352	1.0	1.0	1.0	1.0	13905.0	2927.7595	
472	490.0	90.15306	1.0	1.0	1.0	1.0	13908.0	2927.9587	
473	486.0	89.58911	1.0	1.0	1.0	1.0	13912.0	2928.5222	
474	481.0	88.92718	1.0	1.0	1.0	1.0	13917.0	2929.1843	
475	474.0	87.263626	1.0	1.0	1.0	1.0	13924.0	2930.8477	
476	473.0	87.145546	1.0	1.0	1.0	1.0	13925.0	2930.9658	
477	471.0	86.752884	1.0	1.0	1.0	1.0	13927.0	2931.359	
478	466.0	85.86329	1.0	1.0	1.0	1.0	13932.0	2932.248	
479	459.0	84.43704	1.0	1.0	1.0	1.0	13939.0	2933.6743	
480	453.0	83.58769	1.0	1.0	1.0	1.0	13945.0	2934.5234	
481	449.0	82.84931	1.0	1.0	1.0	1.0	13949.0	2935.262	
482	444.0	82.03776	1.0	1.0	1.0	1.0	13954.0	2936.0737	
483	437.0	80.12176	1.0	1.0	1.0	1.0	13961.0	2937.9897	
484	433.0	79.334724	1.0	1.0	1.0	1.0	13965.0	2938.7766	
485	429.0	78.7651	1.0	1.0	1.0	1.0	13969.0	2939.3464	
486	427.0	78.5442	1.0	1.0	1.0	1.0	13971.0	2939.5671	
487	425.0	77.89492	1.0	1.0	1.0	1.0	13973.0	2940.2166	
488	422.0	77.16432	1.0	1.0	1.0	1.0	13976.0	2940.9475	
489	419.0	76.66489	1.0	1.0	1.0	1.0	13979.0	2941.4468	
490	412.0	75.48301	1.0	1.0	1.0	1.0	13986.0	2942.6284	
491	399.0	72.913445	1.0	1.0	1.0	1.0	13999.0	2945.1973	
492	394.0	71.88042	1.0	1.0	1.0	1.0	14004.0	2946.23	
493	391.0	71.43345	1.0	1.0	1.0	1.0	14007.0	2946.6768	
494	388.0	71.102776	1.0	1.0	1.0	1.0	14010.0	2947.0073	
495	381.0	69.77505	1.0	1.0	1.0	1.0	14017.0	2948.335	
496	376.0	68.72543	1.0	1.0	1.0	1.0	14022.0	2949.3843	
497	374.0	68.3522	1.0	1.0	1.0	1.0	14024.0	2949.7578	
498	370.0	67.10915	1.0	1.0	1.0	1.0	14028.0	2951.0007	
499	367.0	66.258	1.0	1.0	1.0	1.0	14031.0	2951.8523	
500	365.0	65.82184	1.0	1.0	1.0	1.0	14033.0	2952.288	
501	363.0	65.45768	1.0	1.0	1.0	1.0	14035.0	2952.6528	
502	357.0	64.006065	1.0	1.0	1.0	1.0	14041.0	2954.1038	
503	355.0	63.525074	1.0	1.0	1.0	1.0	14043.0	2954.5847	
504	350.0	62.869255	1.0	1.0	1.0	1.0	14048.0	2955.2402	
505	348.0	62.48797	1.0	1.0	1.0	1.0	14050.0	2955.6216	
506	343.0	62.046616	1.0	1.0	1.0	1.0	14055.0	2956.063	
507	340.0	61.569237	1.0	1.0	1.0	1.0	14058.0	2956.54	
508	336.0	60.955418	1.0	1.0	1.0	1.0	14062.0	2957.154	
509	332.0	60.12958	1.0	1.0	1.0	1.0	14066.0	2957.9797	
510	326.0	58.906475	1.0	1.0	1.0	1.0	14072.0	2959.2021	
511	323.0	58.20856	1.0	1.0	1.0	1.0	14075.0	2959.9	
512	322.0	58.03484	1.0	1.0	1.0	1.0	14076.0	2960.0737	
513	317.0	57.4529	1.0	1.0	1.0	1.0	14081.0	2960.6553	
514	315.0	57.22812	1.0	1.0	1.0	1.0	14083.0	2960.88	
515	313.0	56.678005	1.0	1.0	1.0	1.0	14085.0	2961.43	
516	304.0	55.299023	1.0	1.0	1.0	1.0	14094.0	2962.8098	
517	298.0	54.343212	1.0	1.0	1.0	1.0	14100.0	2963.7654	
518	296.0	54.01965	1.0	1.0	1.0	1.0	14102.0	2964.0889	
519	291.0	53.190536	1.0	1.0	1.0	1.0	14107.0	2964.9182	
520	290.0	53.074974	1.0	1.0	1.0	1.0	14108.0	2965.034	
521	285.0	51.82221	1.0	1.0	1.0	1.0	14113.0	2966.2866	
522	282.0	51.113995	1.0	1.0	1.0	1.0	14116.0	2966.995	
523	281.0	51.0752	1.0	1.0	1.0	1.0	14117.0	2967.0337	
524	276.0	49.949776	1.0	1.0	1.0	1.0	14122.0	2968.1592	
525	273.0	49.378845	1.0	1.0	1.0	1.0	14125.0	2968.73	
526	272.0	49.022964	1.0	1.0	1.0	1.0	14126.0	2969.086	
527	266.0	47.61527	1.0	1.0	1.0	1.0	14132.0	2970.4934	
528	261.0	46.222042	1.0	1.0	1.0	1.0	14137.0	2971.887	
529	258.0	45.68321	1.0	1.0	1.0	1.0	14140.0	2972.4255	
530	256.0	45.38737	1.0	1.0	1.0	1.0	14142.0	2972.7214	
531	250.0	44.458282	1.0	1.0	1.0	1.0	14148.0	2973.6506	
532	249.0	44.171776	1.0	1.0	1.0	1.0	14149.0	2973.9373	
533	249.0	44.171776	1.0	1.0	1.0	1.0	14149.0	2973.9373	
534	249.0	44.171776	1.0	1.0	1.0	1.0	14149.0	2973.9373	
535	244.0	43.295036	1.0	1.0	1.0	1.0	14154.0	2974.814	
536	241.0	42.9504	1.0	1.0	1.0	1.0	14157.0	2975.1587	
537	237.0	42.079887	1.0	1.0	1.0	1.0	14161.0	2976.029	
538	236.0	41.980026	1.0	1.0	1.0	1.0	14162.0	2976.1292	
539	234.0	41.607605	1.0	1.0	1.0	1.0	14164.0	2976.5012	
540	233.0	41.487335	1.0	1.0	1.0	1.0	14165.0	2976.6218	
541	230.0	40.913345	1.0	1.0	1.0	1.0	14168.0	2977.1956	
542	230.0	40.913345	1.0	1.0	1.0	1.0	14168.0	2977.1956	
543	225.0	40.180313	1.0	1.0	1.0	1.0	14173.0	2977.9285	
544	221.0	39.755486	1.0	1.0	1.0	1.0	14177.0	2978.353	
545	218.0	39.28898	1.0	1.0	1.0	1.0	14180.0	2978.8198	
546	215.0	38.98772	1.0	1.0	1.0	1.0	14183.0	2979.121	
547	213.0	38.66238	1.0	1.0	1.0	1.0	14185.0	2979.4463	
548	212.0	38.46542	1.0	1.0	1.0	1.0	14186.0	2979.6436	
549	209.0	37.82037	1.0	1.0	1.0	1.0	14189.0	2980.2886	
550	208.0	37.69506	1.0	1.0	1.0	1.0	14190.0	2980.414	
551	208.0	37.69506	1.0	1.0	1.0	1.0	14190.0	2980.414	
552	207.0	37.56318	1.0	1.0	1.0	1.0	14191.0	2980.546	
553	205.0	37.12866	1.0	1.0	1.0	1.0	14193.0	2980.9805	
554	201.0	36.105114	1.0	1.0	1.0	1.0	14197.0	2982.0042	
555	199.0	35.658226	1.0	1.0	1.0	1.0	14199.0	2982.451	
556	195.0	35.03607	1.0	1.0	1.0	1.0	14203.0	2983.073	
557	191.0	34.16342	1.0	1.0	1.0	1.0	14207.0	2983.9456	
558	189.0	33.749138	1.0	1.0	1.0	1.0	14209.0	2984.3599	
559	189.0	33.749138	1.0	1.0	1.0	1.0	14209.0	2984.3599	
560	187.0	33.54552	1.0	1.0	1.0	1.0	14211.0	2984.5635	
561	185.0	33.32291	1.0	1.0	1.0	1.0	14213.0	2984.786	
562	184.0	33.23073	1.0	1.0	1.0	1.0	14214.0	2984.8782	
563	183.0	33.183266	1.0	1.0	1.0	1.0	14215.0	2984.9255	
564	181.0	32.963478	1.0	1.0	1.0	1.0	14217.0	2985.1458	
565	180.0	32.859787	1.0	1.0	1.0	1.0	14218.0	2985.2493	
566	179.0	32.591587	1.0	1.0	1.0	1.0	14219.0	2985.5173	
567	178.0	32.48862	1.0	1.0	1.0	1.0	14220.0	2985.6204	
568	175.0	32.13844	1.0	1.0	1.0	1.0	14223.0	2985.9702	
569	171.0	31.681444	1.0	1.0	1.0	1.0	14227.0	2986.4277	
570	170.0	31.64493	1.0	1.0	1.0	1.0	14228.0	2986.4644	
571	167.0	31.06344	1.0	1.0	1.0	1.0	14231.0	2987.0454	
572	165.0	30.83917	1.0	1.0	1.0	1.0	14233.0	2987.27	
573	159.0	29.48924	1.0	1.0	1.0	1.0	14239.0	2988.6196	
574	157.0	29.100336	1.0	1.0	1.0	1.0	14241.0	2989.0083	
575	151.0	28.072252	1.0	1.0	1.0	1.0	14247.0	2990.0369	
576	146.0	26.974546	1.0	1.0	1.0	1.0	14252.0	2991.1348	
577	145.0	26.665892	1.0	1.0	1.0	1.0	14253.0	2991.4434	
578	143.0	26.446909	1.0	1.0	1.0	1.0	14255.0	2991.662	
579	142.0	26.1565	1.0	1.0	1.0	1.0	14256.0	2991.9526	
580	140.0	25.93933	1.0	1.0	1.0	1.0	14258.0	2992.17	
581	137.0	25.225214	1.0	1.0	1.0	1.0	14261.0	2992.8843	
582	134.0	24.788046	1.0	1.0	1.0	1.0	14264.0	2993.3213	
583	133.0	24.318438	1.0	1.0	1.0	1.0	14265.0	2993.791	
584	132.0	24.153734	1.0	1.0	1.0	1.0	14266.0	2993.9556	
585	131.0	23.985651	1.0	1.0	1.0	1.0	14267.0	2994.1235	
586	129.0	23.357288	1.0	1.0	1.0	1.0	14269.0	2994.752	
587	127.0	22.854856	1.0	1.0	1.0	1.0	14271.0	2995.2544	
588	126.0	22.52157	1.0	1.0	1.0	1.0	14272.0	2995.5874	
589	125.0	22.387018	1.0	1.0	1.0	1.0	14273.0	2995.7217	
590	125.0	22.387018	1.0	1.0	1.0	1.0	14273.0	2995.7217	
591	124.0	22.066355	1.0	1.0	1.0	1.0	14274.0	2996.0425	
592	122.0	21.888422	1.0	1.0	1.0	1.0	14276.0	2996.2207	
593	122.0	21.888422	1.0	1.0	1.0	1.0	14276.0	2996.2207	
594	122.0	21.888422	1.0	1.0	1.0	1.0	14276.0	2996.2207	
595	122.0	21.888422	1.0	1.0	1.0	1.0	14276.0	2996.2207	
596	121.0	21.630499	1.0	1.0	1.0	1.0	14277.0	2996.4785	
597	120.0	21.47738	1.0	1.0	1.0	1.0	14278.0	2996.6313	
598	119.0	21.40584	1.0	1.0	1.0	1.0	14279.0	2996.7031	
599	117.0	20.948717	1.0	1.0	1.0	1.0	14281.0	2997.1602	
600	115.0	20.374224	1.0	1.0	1.0	1.0	14283.0	2997.7349	
601	115.0	20.374224	1.0	1.0	1.0	1.0	14283.0	2997.7349	
602	115.0	20.374224	1.0	1.0	1.0	1.0	14283.0	2997.7349	
603	114.0	20.29265	1.0	1.0	1.0	1.0	14284.0	2997.8164	
604	113.0	20.15127	1.0	1.0	1.0	1.0	14285.0	2997.9578	
605	113.0	20.15127	1.0	1.0	1.0	1.0	14285.0	2997.9578	
606	112.0	20.014029	1.0	1.0	1.0	1.0	14286.0	2998.095	
607	110.0	19.834547	1.0	1.0	1.0	1.0	14288.0	2998.2742	
608	110.0	19.834547	1.0	1.0	1.0	1.0	14288.0	2998.2742	
609	110.0	19.834547	1.0	1.0	1.0	1.0	14288.0	2998.2742	
610	109.0	19.729467	1.0	1.0	1.0	1.0	14289.0	2998.3792	
611	108.0	19.615309	1.0	1.0	1.0	1.0	14290.0	2998.4934	
612	108.0	19.615309	1.0	1.0	1.0	1.0	14290.0	2998.4934	
613	108.0	19.615309	1.0	1.0	1.0	1.0	14290.0	2998.4934	
614	106.0	19.436842	1.0	1.0	1.0	1.0	14292.0	2998.672	
615	104.0	19.26964	1.0	1.0	1.0	1.0	14294.0	2998.839	
616	103.0	18.89387	1.0	1.0	1.0	1.0	14295.0	2999.2148	
617	100.0	18.354383	1.0	1.0	1.0	1.0	14298.0	2999.7544	
618	99.0	18.11894	1.0	1.0	1.0	1.0	14299.0	2999.9897	
619	99.0	18.11894	1.0	1.0	1.0	1.0	14299.0	2999.9897	
620	97.0	17.770258	1.0	1.0	1.0	1.0	14301.0	3000.3384	
621	96.0	17.690454	1.0	1.0	1.0	1.0	14302.0	3000.4185	
622	94.0	17.242064	1.0	1.0	1.0	1.0	14304.0	3000.867	
623	93.0	16.926287	1.0	1.0	1.0	1.0	14305.0	3001.1824	
624	92.0	16.78134	1.0	1.0	1.0	1.0	14306.0	3001.3274	
625	92.0	16.78134	1.0	1.0	1.0	1.0	14306.0	3001.3274	
626	91.0	16.514984	1.0	1.0	1.0	1.0	14307.0	3001.5938	
627	90.0	16.479073	1.0	1.0	1.0	1.0	14308.0	3001.63	
628	90.0	16.479073	1.0	1.0	1.0	1.0	14308.0	3001.63	
629	89.0	16.251024	1.0	1.0	1.0	1.0	14309.0	3001.858	
630	89.0	16.251024	1.0	1.0	1.0	1.0	14309.0	3001.858	
631	89.0	16.251024	1.0	1.0	1.0	1.0	14309.0	3001.858	
632	89.0	16.251024	1.0	1.0	1.0	1.0	14309.0	3001.858	
633	87.0	16.01612	1.0	1.0	1.0	1.0	14311.0	3002.0928	
634	87.0	16.01612	1.0	1.0	1.0	1.0	14311.0	3002.0928	
635	86.0	15.978647	1.0	1.0	1.0	1.0	14312.0	3002.13	
636	82.0	15.077431	1.0	1.0	1.0	1.0	14316.0	3003.0312	
637	81.0	14.926954	1.0	1.0	1.0	1.0	14317.0	3003.1816	
638	80.0	14.665459	1.0	1.0	1.0	1.0	14318.0	3003.443	
639	80.0	14.665459	1.0	1.0	1.0	1.0	14318.0	3003.443	
640	80.0	14.665459	1.0	1.0	1.0	1.0	14318.0	3003.443	
641	80.0	14.665459	1.0	1.0	1.0	1.0	14318.0	3003.443	
642	77.0	13.882614	1.0	1.0	1.0	1.0	14321.0	3004.2258	
643	76.0	13.578707	1.0	1.0	1.0	1.0	14322.0	3004.5295	
644	74.0	13.392904	1.0	1.0	1.0	1.0	14324.0	3004.7156	
645	73.0	13.042746	1.0	1.0	1.0	1.0	14325.0	3005.0657	
646	72.0	12.741394	1.0	1.0	1.0	1.0	14326.0	3005.367	
647	71.0	12.592785	1.0	1.0	1.0	1.0	14327.0	3005.5154	
648	70.0	12.4635725	1.0	1.0	1.0	1.0	14328.0	3005.6445	
649	68.0	11.847898	1.0	1.0	1.0	1.0	14330.0	3006.2603	
650	67.0	11.7007265	1.0	1.0	1.0	1.0	14331.0	3006.4072	
651	66.0	11.559003	1.0	1.0	1.0	1.0	14332.0	3006.5488	
652	66.0	11.559003	1.0	1.0	1.0	1.0	14332.0	3006.5488	
653	65.0	11.3735285	1.0	1.0	1.0	1.0	14333.0	3006.7344	
654	64.0	11.235621	1.0	1.0	1.0	1.0	14334.0	3006.872	
655	64.0	11.235621	1.0	1.0	1.0	1.0	14334.0	3006.872	
656	63.0	10.967789	1.0	1.0	1.0	1.0	14335.0	3007.14	
657	62.0	10.71451	1.0	1.0	1.0	1.0	14336.0	3007.3933	
658	62.0	10.71451	1.0	1.0	1.0	1.0	14336.0	3007.3933	
659	62.0	10.71451	1.0	1.0	1.0	1.0	14336.0	3007.3933	
660	62.0	10.71451	1.0	1.0	1.0	1.0	14336.0	3007.3933	
661	62.0	10.71451	1.0	1.0	1.0	1.0	14336.0	3007.3933	
662	59.0	10.17482	1.0	1.0	1.0	1.0	14339.0	3007.9329	
663	59.0	10.17482	1.0	1.0	1.0	1.0	14339.0	3007.9329	
664	58.0	9.836676	1.0	1.0	1.0	1.0	14340.0	3008.2712	
665	58.0	9.836676	1.0	1.0	1.0	1.0	14340.0	3008.2712	
666	58.0	9.836676	1.0	1.0	1.0	1.0	14340.0	3008.2712	
667	56.0	9.662693	1.0	1.0	1.0	1.0	14342.0	3008.445	
668	56.0	9.662693	1.0	1.0	1.0	1.0	14342.0	3008.445	
669	56.0	9.662693	1.0	1.0	1.0	1.0	14342.0	3008.445	
670	56.0	9.662693	1.0	1.0	1.0	1.0	14342.0	3008.445	
671	56.0	9.662693	1.0	1.0	1.0	1.0	14342.0	3008.445	
672	56.0	9.662693	1.0	1.0	1.0	1.0	14342.0	3008.445	
673	55.0	9.4252205	1.0	1.0	1.0	1.0	14343.0	3008.6829	
674	55.0	9.4252205	1.0	1.0	1.0	1.0	14343.0	3008.6829	
675	54.0	9.299522	1.0	1.0	1.0	1.0	14344.0	3008.8083	
676	53.0	9.252798	1.0	1.0	1.0	1.0	14345.0	3008.8552	
677	53.0	9.252798	1.0	1.0	1.0	1.0	14345.0	3008.8552	
678	52.0	9.214966	1.0	1.0	1.0	1.0	14346.0	3008.8933	
679	50.0	8.767727	1.0	1.0	1.0	1.0	14348.0	3009.3406	
680	50.0	8.767727	1.0	1.0	1.0	1.0	14348.0	3009.3406	
681	49.0	8.42369	1.0	1.0	1.0	1.0	14349.0	3009.6843	
682	49.0	8.42369	1.0	1.0	1.0	1.0	14349.0	3009.6843	
683	49.0	8.42369	1.0	1.0	1.0	1.0	14349.0	3009.6843	
684	49.0	8.42369	1.0	1.0	1.0	1.0	14349.0	3009.6843	
685	49.0	8.42369	1.0	1.0	1.0	1.0	14349.0	3009.6843	
686	48.0	8.369787	1.0	1.0	1.0	1.0	14350.0	3009.7385	
687	47.0	8.176008	1.0	1.0	1.0	1.0	14351.0	3009.932	
688	46.0	8.07349	1.0	1.0	1.0	1.0	14352.0	3010.0344	
689	46.0	8.07349	1.0	1.0	1.0	1.0	14352.0	3010.0344	
690	46.0	8.07349	1.0	1.0	1.0	1.0	14352.0	3010.0344	
691	46.0	8.07349	1.0	1.0	1.0	1.0	14352.0	3010.0344	
692	44.0	7.978697	1.0	1.0	1.0	1.0	14354.0	3010.1296	
693	44.0	7.978697	1.0	1.0	1.0	1.0	14354.0	3010.1296	
694	43.0	7.9003115	1.0	1.0	1.0	1.0	14355.0	3010.2078	
695	43.0	7.9003115	1.0	1.0	1.0	1.0	14355.0	3010.2078	
696	43.0	7.9003115	1.0	1.0	1.0	1.0	14355.0	3010.2078	
697	42.0	7.693114	1.0	1.0	1.0	1.0	14356.0	3010.4148	
698	41.0	7.3557615	1.0	1.0	1.0	1.0	14357.0	3010.7522	
699	41.0	7.3557615	1.0	1.0	1.0	1.0	14357.0	3010.7522	
700	41.0	7.3557615	1.0	1.0	1.0	1.0	14357.0	3010.7522	
701	41.0	7.3557615	1.0	1.0	1.0	1.0	14357.0	3010.7522	
702	40.0	7.2566085	1.0	1.0	1.0	1.0	14358.0	3010.8513	
703	39.0	7.186471	1.0	1.0	1.0	1.0	14359.0	3010.9216	
704	38.0	7.037589	1.0	1.0	1.0	1.0	14360.0	3011.0706	
705	38.0	7.037589	1.0	1.0	1.0	1.0	14360.0	3011.0706	
706	38.0	7.037589	1.0	1.0	1.0	1.0	14360.0	3011.0706	
707	38.0	7.037589	1.0	1.0	1.0	1.0	14360.0	3011.0706	
708	37.0	6.748194	1.0	1.0	1.0	1.0	14361.0	3011.36	
709	37.0	6.748194	1.0	1.0	1.0	1.0	14361.0	3011.36	
710	37.0	6.748194	1.0	1.0	1.0	1.0	14361.0	3011.36	
711	37.0	6.748194	1.0	1.0	1.0	1.0	14361.0	3011.36	
712	34.0	5.9232874	1.0	1.0	1.0	1.0	14364.0	3012.1855	
713	33.0	5.738767	1.0	1.0	1.0	1.0	14365.0	3012.37	
714	33.0	5.738767	1.0	1.0	1.0	1.0	14365.0	3012.37	
715	33.0	5.738767	1.0	1.0	1.0	1.0	14365.0	3012.37	
716	33.0	5.738767	1.0	1.0	1.0	1.0	14365.0	3012.37	
717	33.0	5.738767	1.0	1.0	1.0	1.0	14365.0	3012.37	
718	33.0	5.738767	1.0	1.0	1.0	1.0	14365.0	3012.37	
719	33.0	5.738767	1.0	1.0	1.0	1.0	14365.0	3012.37	
720	33.0	5.738767	1.0	1.0	1.0	1.0	14365.0	3012.37	
721	33.0	5.738767	1.0	1.0	1.0	1.0	14365.0	3012.37	
722	33.0	5.738767	1.0	1.0	1.0	1.0	14365.0	3012.37	
723	33.0	5.738767	1.0	1.0	1.0	1.0	14365.0	3012.37	
724	32.0	5.5887327	1.0	1.0	1.0	1.0	14366.0	3012.52	
725	32.0	5.5887327	1.0	1.0	1.0	1.0	14366.0	3012.52	
726	31.0	5.298531	1.0	1.0	1.0	1.0	14367.0	3012.8103	
727	31.0	5.298531	1.0	1.0	1.0	1.0	14367.0	3012.8103	
728	30.0	5.157377	1.0	1.0	1.0	1.0	14368.0	3012.9514	
729	30.0	5.157377	1.0	1.0	1.0	1.0	14368.0	3012.9514	
730	30.0	5.157377	1.0	1.0	1.0	1.0	14368.0	3012.9514	
731	30.0	5.157377	1.0	1.0	1.0	1.0	14368.0	3012.9514	
732	30.0	5.157377	1.0	1.0	1.0	1.0	14368.0	3012.9514	
733	30.0	5.157377	1.0	1.0	1.0	1.0	14368.0	3012.9514	
734	30.0	5.157377	1.0	1.0	1.0	1.0	14368.0	3012.9514	
735	29.0	5.1054354	1.0	1.0	1.0	1.0	14369.0	3013.0037	
736	29.0	5.1054354	1.0	1.0	1.0	1.0	14369.0	3013.0037	
737	29.0	5.1054354	1.0	1.0	1.0	1.0	14369.0	3013.0037	
738	29.0	5.1054354	1.0	1.0	1.0	1.0	14369.0	3013.0037	
739	29.0	5.1054354	1.0	1.0	1.0	1.0	14369.0	3013.0037	
740	29.0	5.1054354	1.0	1.0	1.0	1.0	14369.0	3013.0037	
741	28.0	4.8274703	1.0	1.0	1.0	1.0	14370.0	3013.2817	
742	28.0	4.8274703	1.0	1.0	1.0	1.0	14370.0	3013.2817	
743	27.0	4.7523723	1.0	1.0	1.0	1.0	14371.0	3013.357	
744	26.0	4.458188	1.0	1.0	1.0	1.0	14372.0	3013.6511	
745	24.0	4.2652173	1.0	1.0	1.0	1.0	14374.0	3013.844	
746	23.0	4.173325	1.0	1.0	1.0	1.0	14375.0	3013.9358	
747	23.0	4.173325	1.0	1.0	1.0	1.0	14375.0	3013.9358	
748	23.0	4.173325	1.0	1.0	1.0	1.0	14375.0	3013.9358	
749	23.0	4.173325	1.0	1.0	1.0	1.0	14375.0	3013.9358	
750	23.0	4.173325	1.0	1.0	1.0	1.0	14375.0	3013.9358	
751	23.0	4.173325	1.0	1.0	1.0	1.0	14375.0	3013.9358	
752	23.0	4.173325	1.0	1.0	1.0	1.0	14375.0	3013.9358	
753	23.0	4.173325	1.0	1.0	1.0	1.0	14375.0	3013.9358	
754	23.0	4.173325	1.0	1.0	1.0	1.0	14375.0	3013.9358	
755	23.0	4.173325	1.0	1.0	1.0	1.0	14375.0	3013.9358	
756	23.0	4.173325	1.0	1.0	1.0	1.0	14375.0	3013.9358	
757	22.0	4.017024	1.0	1.0	1.0	1.0	14376.0	3014.092	
758	22.0	4.017024	1.0	1.0	1.0	1.0	14376.0	3014.092	
759	21.0	3.8849893	1.0	1.0	1.0	1.0	14377.0	3014.2239	
760	20.0	3.6854215	1.0	1.0	1.0	1.0	14378.0	3014.4236	
761	18.0	3.1829252	1.0	1.0	1.0	1.0	14380.0	3014.926	
762	18.0	3.1829252	1.0	1.0	1.0	1.0	14380.0	3014.926	
763	18.0	3.1829252	1.0	1.0	1.0	1.0	14380.0	3014.926	
764	18.0	3.1829252	1.0	1.0	1.0	1.0	14380.0	3014.926	
765	18.0	3.1829252	1.0	1.0	1.0	1.0	14380.0	3014.926	
766	17.0	2.9357479	1.0	1.0	1.0	1.0	14381.0	3015.1736	
767	17.0	2.9357479	1.0	1.0	1.0	1.0	14381.0	3015.1736	
768	17.0	2.9357479	1.0	1.0	1.0	1.0	14381.0	3015.1736	
769	15.0	2.4146788	1.0	1.0	1.0	1.0	14383.0	3015.6946	
770	15.0	2.4146788	1.0	1.0	1.0	1.0	14383.0	3015.6946	
771	15.0	2.4146788	1.0	1.0	1.0	1.0	14383.0	3015.6946	
772	15.0	2.4146788	1.0	1.0	1.0	1.0	14383.0	3015.6946	
773	15.0	2.4146788	1.0	1.0	1.0	1.0	14383.0	3015.6946	
774	15.0	2.4146788	1.0	1.0	1.0	1.0	14383.0	3015.6946	
775	14.0	2.1926382	1.0	1.0	1.0	1.0	14384.0	3015.9167	
776	14.0	2.1926382	1.0	1.0	1.0	1.0	14384.0	3015.9167	
777	14.0	2.1926382	1.0	1.0	1.0	1.0	14384.0	3015.9167	
778	14.0	2.1926382	1.0	1.0	1.0	1.0	14384.0	3015.9167	
779	14.0	2.1926382	1.0	1.0	1.0	1.0	14384.0	3015.9167	
780	14.0	2.1926382	1.0	1.0	1.0	1.0	14384.0	3015.9167	
781	14.0	2.1926382	1.0	1.0	1.0	1.0	14384.0	3015.9167	
782	14.0	2.1926382	1.0	1.0	1.0	1.0	14384.0	3015.9167	
783	14.0	2.1926382	1.0	1.0	1.0	1.0	14384.0	3015.9167	
784	14.0	2.1926382	1.0	1.0	1.0	1.0	14384.0	3015.9167	
785	14.0	2.1926382	1.0	1.0	1.0	1.0	14384.0	3015.9167	
786	12.0	1.7629554	1.0	1.0	1.0	1.0	14386.0	3016.3464	
787	12.0	1.7629554	1.0	1.0	1.0	1.0	14386.0	3016.3464	
788	12.0	1.7629554	1.0	1.0	1.0	1.0	14386.0	3016.3464	
789	12.0	1.7629554	1.0	1.0	1.0	1.0	14386.0	3016.3464	
790	12.0	1.7629554	1.0	1.0	1.0	1.0	14386.0	3016.3464	
791	12.0	1.7629554	1.0	1.0	1.0	1.0	14386.0	3016.3464	
792	12.0	1.7629554	1.0	1.0	1.0	1.0	14386.0	3016.3464	
793	12.0	1.7629554	1.0	1.0	1.0	1.0	14386.0	3016.3464	
794	12.0	1.7629554	1.0	1.0	1.0	1.0	14386.0	3016.3464	
795	12.0	1.7629554	1.0	1.0	1.0	1.0	14386.0	3016.3464	
796	12.0	1.7629554	1.0	1.0	1.0	1.0	14386.0	3016.3464	
797	12.0	1.7629554	1.0	1.0	1.0	1.0	14386.0	3016.3464	
798	12.0	1.7629554	1.0	1.0	1.0	1.0	14386.0	3016.3464	
799	12.0	1.7629554	1.0	1.0	1.0	1.0	14386.0	3016.3464	
800	12.0	1.7629554	1.0	1.0	1.0	1.0	14386.0	3016.3464	
801	12.0	1.7629554	1.0	1.0	1.0	1.0	14386.0	3016.3464	
802	12.0	1.7629554	1.0	1.0	1.0	1.0	14386.0	3016.3464	
803	12.0	1.7629554	1.0	1.0	1.0	1.0	14386.0	3016.3464	
804	12.0	1.7629554	1.0	1.0	1.0	1.0	14386.0	3016.3464	
805	12.0	1.7629554	1.0	1.0	1.0	1.0	14386.0	3016.3464	
806	12.0	1.7629554	1.0	1.0	1.0	1.0	14386.0	3016.3464	
807	12.0	1.7629554	1.0	1.0	1.0	1.0	14386.0	3016.3464	
808	12.0	1.7629554	1.0	1.0	1.0	1.0	14386.0	3016.3464	
809	12.0	1.7629554	1.0	1.0	1.0	1.0	14386.0	3016.3464	
810	12.0	1.7629554	1.0	1.0	1.0	1.0	14386.0	3016.3464	
811	12.0	1.7629554	1.0	1.0	1.0	1.0	14386.0	3016.3464	
812	12.0	1.7629554	1.0	1.0	1.0	1.0	14386.0	3016.3464	
813	12.0	1.7629554	1.0	1.0	1.0	1.0	14386.0	3016.3464	
814	12.0	1.7629554	1.0	1.0	1.0	1.0	14386.0	3016.3464	
815	12.0	1.7629554	1.0	1.0	1.0	1.0	14386.0	3016.3464	
816	12.0	1.7629554	1.0	1.0	1.0	1.0	14386.0	3016.3464	
817	12.0	1.7629554	1.0	1.0	1.0	1.0	14386.0	3016.3464	
818	12.0	1.7629554	1.0	1.0	1.0	1.0	14386.0	3016.3464	
819	12.0	1.7629554	1.0	1.0	1.0	1.0	14386.0	3016.3464	
820	12.0	1.7629554	1.0	1.0	1.0	1.0	14386.0	3016.3464	
821	12.0	1.7629554	1.0	1.0	1.0	1.0	14386.0	3016.3464	
822	12.0	1.7629554	1.0	1.0	1.0	1.0	14386.0	3016.3464	
823	11.0	1.7111602	1.0	1.0	1.0	1.0	14387.0	3016.3982	
824	11.0	1.7111602	1.0	1.0	1.0	1.0	14387.0	3016.3982	
825	11.0	1.7111602	1.0	1.0	1.0	1.0	14387.0	3016.3982	
