SIMULATION PARAMETERS:
n = 180
m = 320
k = 1
p = 4
recruit_likeliness = 0.001
defeat_likeliness = 0.5
starting_control = 100
resource_noise_scale = 0.13176157

SIMULATION DATA:
t	NATION -1 SIZE	NATION -1 RESOURCES	NATION 0 SIZE	NATION 0 RESOURCES	NATION 1 SIZE	NATION 1 RESOURCES	NATION 2 SIZE	NATION 2 RESOURCES	NATION 3 SIZE	NATION 3 RESOURCES	
0	0.0	0.0	0.0	0.0	0.0	0.0	0.0	0.0	0.0	0.0	
83	57596.0	13181.695	1.0	1.0	1.0	1.0	1.0	1.0	1.0	1.0	
84	57596.0	13181.695	1.0	1.0	1.0	1.0	1.0	1.0	1.0	1.0	
85	57596.0	13181.695	1.0	1.0	1.0	1.0	1.0	1.0	1.0	1.0	
86	57596.0	13181.695	1.0	1.0	1.0	1.0	1.0	1.0	1.0	1.0	
87	57596.0	13181.695	1.0	1.0	1.0	1.0	1.0	1.0	1.0	1.0	
88	57596.0	13181.695	1.0	1.0	1.0	1.0	1.0	1.0	1.0	1.0	
89	57596.0	13181.695	1.0	1.0	1.0	1.0	1.0	1.0	1.0	1.0	
90	57596.0	13181.695	1.0	1.0	1.0	1.0	1.0	1.0	1.0	1.0	
91	57596.0	13181.695	1.0	1.0	1.0	1.0	1.0	1.0	1.0	1.0	
92	57596.0	13181.695	1.0	1.0	1.0	1.0	1.0	1.0	1.0	1.0	
93	57596.0	13181.695	1.0	1.0	1.0	1.0	1.0	1.0	1.0	1.0	
94	57596.0	13181.695	1.0	1.0	1.0	1.0	1.0	1.0	1.0	1.0	
95	57596.0	13181.695	1.0	1.0	1.0	1.0	1.0	1.0	1.0	1.0	
96	57596.0	13181.695	1.0	1.0	1.0	1.0	1.0	1.0	1.0	1.0	
97	57596.0	13181.695	1.0	1.0	1.0	1.0	1.0	1.0	1.0	1.0	
98	57596.0	13181.695	1.0	1.0	1.0	1.0	1.0	1.0	1.0	1.0	
99	57596.0	13181.695	1.0	1.0	1.0	1.0	1.0	1.0	1.0	1.0	
100	57596.0	13181.695	1.0	1.0	1.0	1.0	1.0	1.0	1.0	1.0	
101	57596.0	13181.695	1.0	1.0	1.0	1.0	1.0	1.0	1.0	1.0	
102	57596.0	13181.695	1.0	1.0	1.0	1.0	1.0	1.0	1.0	1.0	
103	57596.0	13181.695	1.0	1.0	1.0	1.0	1.0	1.0	1.0	1.0	
104	57596.0	13181.695	1.0	1.0	1.0	1.0	1.0	1.0	1.0	1.0	
105	57596.0	13181.695	1.0	1.0	1.0	1.0	1.0	1.0	1.0	1.0	
106	57596.0	13181.695	1.0	1.0	1.0	1.0	1.0	1.0	1.0	1.0	
107	57596.0	13181.695	1.0	1.0	1.0	1.0	1.0	1.0	1.0	1.0	
108	57596.0	13181.695	1.0	1.0	1.0	1.0	1.0	1.0	1.0	1.0	
109	57596.0	13181.695	1.0	1.0	1.0	1.0	1.0	1.0	1.0	1.0	
110	57596.0	13181.695	1.0	1.0	1.0	1.0	1.0	1.0	1.0	1.0	
111	57596.0	13181.695	1.0	1.0	1.0	1.0	1.0	1.0	1.0	1.0	
112	57596.0	13181.695	1.0	1.0	1.0	1.0	1.0	1.0	1.0	1.0	
113	57596.0	13181.695	1.0	1.0	1.0	1.0	1.0	1.0	1.0	1.0	
114	57596.0	13181.695	1.0	1.0	1.0	1.0	1.0	1.0	1.0	1.0	
115	57596.0	13181.695	1.0	1.0	1.0	1.0	1.0	1.0	1.0	1.0	
116	57596.0	13181.695	1.0	1.0	1.0	1.0	1.0	1.0	1.0	1.0	
117	57596.0	13181.695	1.0	1.0	1.0	1.0	1.0	1.0	1.0	1.0	
118	57596.0	13181.695	1.0	1.0	1.0	1.0	1.0	1.0	1.0	1.0	
119	57596.0	13181.695	1.0	1.0	1.0	1.0	1.0	1.0	1.0	1.0	
120	57596.0	13181.695	1.0	1.0	1.0	1.0	1.0	1.0	1.0	1.0	
121	57596.0	13181.695	1.0	1.0	1.0	1.0	1.0	1.0	1.0	1.0	
122	57596.0	13181.695	1.0	1.0	1.0	1.0	1.0	1.0	1.0	1.0	
123	57596.0	13181.695	1.0	1.0	1.0	1.0	1.0	1.0	1.0	1.0	
124	57596.0	13181.695	1.0	1.0	1.0	1.0	1.0	1.0	1.0	1.0	
125	57596.0	13181.695	1.0	1.0	1.0	1.0	1.0	1.0	1.0	1.0	
126	57596.0	13181.695	1.0	1.0	1.0	1.0	1.0	1.0	1.0	1.0	
127	57596.0	13181.695	1.0	1.0	1.0	1.0	1.0	1.0	1.0	1.0	
128	57596.0	13181.695	1.0	1.0	1.0	1.0	1.0	1.0	1.0	1.0	
129	57596.0	13181.695	1.0	1.0	1.0	1.0	1.0	1.0	1.0	1.0	
130	57596.0	13181.695	1.0	1.0	1.0	1.0	1.0	1.0	1.0	1.0	
131	57596.0	13181.695	1.0	1.0	1.0	1.0	1.0	1.0	1.0	1.0	
132	57596.0	13181.695	1.0	1.0	1.0	1.0	1.0	1.0	1.0	1.0	
133	57596.0	13181.695	1.0	1.0	1.0	1.0	1.0	1.0	1.0	1.0	
134	57596.0	13181.695	1.0	1.0	1.0	1.0	1.0	1.0	1.0	1.0	
135	57596.0	13181.695	1.0	1.0	1.0	1.0	1.0	1.0	1.0	1.0	
136	57596.0	13181.695	1.0	1.0	1.0	1.0	1.0	1.0	1.0	1.0	
137	57596.0	13181.695	1.0	1.0	1.0	1.0	1.0	1.0	1.0	1.0	
138	57596.0	13181.695	1.0	1.0	1.0	1.0	1.0	1.0	1.0	1.0	
139	57596.0	13181.695	1.0	1.0	1.0	1.0	1.0	1.0	1.0	1.0	
140	57596.0	13181.695	1.0	1.0	1.0	1.0	1.0	1.0	1.0	1.0	
141	57596.0	13181.695	1.0	1.0	1.0	1.0	1.0	1.0	1.0	1.0	
142	57595.0	13181.509	1.0	1.0	1.0	1.0	1.0	1.0	2.0	1.1867297	
143	57594.0	13181.333	1.0	1.0	1.0	1.0	1.0	1.0	3.0	1.3622656	
144	57594.0	13181.333	1.0	1.0	1.0	1.0	1.0	1.0	3.0	1.3622656	
145	57594.0	13181.333	1.0	1.0	1.0	1.0	1.0	1.0	3.0	1.3622656	
146	57594.0	13181.333	1.0	1.0	1.0	1.0	1.0	1.0	3.0	1.3622656	
147	57594.0	13181.333	1.0	1.0	1.0	1.0	1.0	1.0	3.0	1.3622656	
148	57594.0	13181.333	1.0	1.0	1.0	1.0	1.0	1.0	3.0	1.3622656	
149	57594.0	13181.333	1.0	1.0	1.0	1.0	1.0	1.0	3.0	1.3622656	
150	57594.0	13181.333	1.0	1.0	1.0	1.0	1.0	1.0	3.0	1.3622656	
151	57594.0	13181.333	1.0	1.0	1.0	1.0	1.0	1.0	3.0	1.3622656	
152	57594.0	13181.333	1.0	1.0	1.0	1.0	1.0	1.0	3.0	1.3622656	
153	57594.0	13181.333	1.0	1.0	1.0	1.0	1.0	1.0	3.0	1.3622656	
154	57594.0	13181.333	1.0	1.0	1.0	1.0	1.0	1.0	3.0	1.3622656	
155	57594.0	13181.333	1.0	1.0	1.0	1.0	1.0	1.0	3.0	1.3622656	
156	57594.0	13181.333	1.0	1.0	1.0	1.0	1.0	1.0	3.0	1.3622656	
157	57594.0	13181.333	1.0	1.0	1.0	1.0	1.0	1.0	3.0	1.3622656	
158	57594.0	13181.333	1.0	1.0	1.0	1.0	1.0	1.0	3.0	1.3622656	
159	57594.0	13181.333	1.0	1.0	1.0	1.0	1.0	1.0	3.0	1.3622656	
160	57594.0	13181.333	1.0	1.0	1.0	1.0	1.0	1.0	3.0	1.3622656	
161	57594.0	13181.333	1.0	1.0	1.0	1.0	1.0	1.0	3.0	1.3622656	
162	57594.0	13181.333	1.0	1.0	1.0	1.0	1.0	1.0	3.0	1.3622656	
163	57594.0	13181.333	1.0	1.0	1.0	1.0	1.0	1.0	3.0	1.3622656	
164	57594.0	13181.333	1.0	1.0	1.0	1.0	1.0	1.0	3.0	1.3622656	
165	57594.0	13181.333	1.0	1.0	1.0	1.0	1.0	1.0	3.0	1.3622656	
166	57594.0	13181.333	1.0	1.0	1.0	1.0	1.0	1.0	3.0	1.3622656	
167	57594.0	13181.333	1.0	1.0	1.0	1.0	1.0	1.0	3.0	1.3622656	
168	57594.0	13181.333	1.0	1.0	1.0	1.0	1.0	1.0	3.0	1.3622656	
169	57594.0	13181.333	1.0	1.0	1.0	1.0	1.0	1.0	3.0	1.3622656	
170	57594.0	13181.333	1.0	1.0	1.0	1.0	1.0	1.0	3.0	1.3622656	
171	57594.0	13181.333	1.0	1.0	1.0	1.0	1.0	1.0	3.0	1.3622656	
172	57594.0	13181.333	1.0	1.0	1.0	1.0	1.0	1.0	3.0	1.3622656	
173	57594.0	13181.333	1.0	1.0	1.0	1.0	1.0	1.0	3.0	1.3622656	
174	57594.0	13181.333	1.0	1.0	1.0	1.0	1.0	1.0	3.0	1.3622656	
175	57594.0	13181.333	1.0	1.0	1.0	1.0	1.0	1.0	3.0	1.3622656	
176	57594.0	13181.333	1.0	1.0	1.0	1.0	1.0	1.0	3.0	1.3622656	
177	57594.0	13181.333	1.0	1.0	1.0	1.0	1.0	1.0	3.0	1.3622656	
178	57594.0	13181.333	1.0	1.0	1.0	1.0	1.0	1.0	3.0	1.3622656	
179	57594.0	13181.333	1.0	1.0	1.0	1.0	1.0	1.0	3.0	1.3622656	
180	57594.0	13181.333	1.0	1.0	1.0	1.0	1.0	1.0	3.0	1.3622656	
181	57593.0	13181.066	1.0	1.0	1.0	1.0	1.0	1.0	4.0	1.6289434	
182	57593.0	13181.066	1.0	1.0	1.0	1.0	1.0	1.0	4.0	1.6289434	
183	57593.0	13181.066	1.0	1.0	1.0	1.0	1.0	1.0	4.0	1.6289434	
184	57593.0	13181.066	1.0	1.0	1.0	1.0	1.0	1.0	4.0	1.6289434	
185	57592.0	13180.735	1.0	1.0	1.0	1.0	1.0	1.0	5.0	1.9595994	
186	57591.0	13180.332	1.0	1.0	1.0	1.0	1.0	1.0	6.0	2.3626316	
187	57588.0	13178.978	1.0	1.0	1.0	1.0	1.0	1.0	9.0	3.7169356	
188	57583.0	13176.327	1.0	1.0	1.0	1.0	1.0	1.0	14.0	6.3667917	
189	57579.0	13174.883	1.0	1.0	1.0	1.0	1.0	1.0	18.0	7.811246	
190	57576.0	13173.276	1.0	1.0	1.0	1.0	1.0	1.0	21.0	9.41876	
191	57573.0	13171.743	1.0	1.0	1.0	1.0	1.0	1.0	24.0	10.952301	
192	57567.0	13168.757	1.0	1.0	1.0	1.0	1.0	1.0	30.0	13.938608	
193	57562.0	13166.569	1.0	1.0	1.0	1.0	1.0	1.0	35.0	16.12571	
194	57553.0	13162.107	1.0	1.0	1.0	1.0	1.0	1.0	44.0	20.58723	
195	57550.0	13161.049	1.0	1.0	1.0	1.0	1.0	1.0	47.0	21.64512	
196	57545.0	13159.084	1.0	1.0	1.0	1.0	1.0	1.0	52.0	23.609974	
197	57538.0	13157.006	1.0	1.0	1.0	1.0	1.0	1.0	59.0	25.687466	
198	57530.0	13154.231	1.0	1.0	1.0	1.0	1.0	1.0	67.0	28.462938	
199	57521.0	13151.303	1.0	1.0	1.0	1.0	1.0	1.0	76.0	31.392876	
200	57510.0	13148.059	1.0	1.0	1.0	1.0	1.0	1.0	87.0	34.636982	
201	57502.0	13146.027	1.0	1.0	1.0	1.0	1.0	1.0	95.0	36.668518	
202	57490.0	13142.749	1.0	1.0	1.0	1.0	1.0	1.0	107.0	39.94655	
203	57474.0	13138.292	1.0	1.0	1.0	1.0	1.0	1.0	123.0	44.40359	
204	57463.0	13135.104	1.0	1.0	1.0	1.0	1.0	1.0	134.0	47.59217	
205	57447.0	13130.688	1.0	1.0	1.0	1.0	1.0	1.0	150.0	52.007328	
206	57428.0	13126.001	1.0	1.0	1.0	1.0	1.0	1.0	169.0	56.69178	
207	57415.0	13122.575	1.0	1.0	1.0	1.0	1.0	1.0	182.0	60.11859	
208	57395.0	13117.459	1.0	1.0	1.0	1.0	1.0	1.0	202.0	65.2337	
209	57380.0	13113.74	1.0	1.0	1.0	1.0	1.0	1.0	217.0	68.9533	
210	57367.0	13110.456	1.0	1.0	1.0	1.0	1.0	1.0	230.0	72.23625	
211	57349.0	13106.075	1.0	1.0	1.0	1.0	1.0	1.0	248.0	76.61737	
212	57335.0	13102.389	1.0	1.0	1.0	1.0	1.0	1.0	262.0	80.303406	
213	57321.0	13098.734	1.0	1.0	1.0	1.0	1.0	1.0	276.0	83.9579	
214	57304.0	13094.848	1.0	1.0	1.0	1.0	1.0	1.0	293.0	87.845116	
215	57288.0	13091.47	1.0	1.0	1.0	1.0	1.0	1.0	309.0	91.22246	
216	57267.0	13087.47	1.0	1.0	1.0	1.0	1.0	1.0	330.0	95.22235	
217	57252.0	13085.172	1.0	1.0	1.0	1.0	1.0	1.0	345.0	97.520294	
218	57240.0	13083.39	1.0	1.0	1.0	1.0	1.0	1.0	357.0	99.302414	
219	57218.0	13080.368	1.0	1.0	1.0	1.0	1.0	1.0	379.0	102.32495	
220	57204.0	13078.315	1.0	1.0	1.0	1.0	1.0	1.0	393.0	104.37824	
221	57186.0	13075.507	1.0	1.0	1.0	1.0	1.0	1.0	411.0	107.18738	
222	57167.0	13072.74	1.0	1.0	1.0	1.0	1.0	1.0	430.0	109.954666	
223	57154.0	13070.862	1.0	1.0	1.0	1.0	1.0	1.0	443.0	111.83332	
224	57138.0	13067.975	1.0	1.0	1.0	1.0	1.0	1.0	459.0	114.7212	
225	57123.0	13064.43	1.0	1.0	1.0	1.0	1.0	1.0	474.0	118.26491	
226	57109.0	13061.083	1.0	1.0	1.0	1.0	1.0	1.0	488.0	121.613144	
227	57087.0	13055.817	1.0	1.0	1.0	1.0	1.0	1.0	510.0	126.88074	
228	57071.0	13051.909	1.0	1.0	1.0	1.0	1.0	1.0	526.0	130.79128	
229	57052.0	13047.159	1.0	1.0	1.0	1.0	1.0	1.0	545.0	135.5419	
230	57034.0	13042.839	1.0	1.0	1.0	1.0	1.0	1.0	563.0	139.8602	
231	57023.0	13040.03	1.0	1.0	1.0	1.0	1.0	1.0	574.0	142.66937	
232	57014.0	13038.526	1.0	1.0	1.0	1.0	1.0	1.0	583.0	144.17467	
233	57001.0	13036.014	1.0	1.0	1.0	1.0	1.0	1.0	596.0	146.68652	
234	56989.0	13033.154	1.0	1.0	1.0	1.0	1.0	1.0	608.0	149.5434	
235	56981.0	13031.894	1.0	1.0	1.0	1.0	1.0	1.0	616.0	150.80531	
236	56963.0	13027.561	1.0	1.0	1.0	1.0	1.0	1.0	634.0	155.13907	
237	56949.0	13024.591	1.0	1.0	1.0	1.0	1.0	1.0	648.0	158.10814	
238	56934.0	13022.122	1.0	1.0	1.0	1.0	1.0	1.0	663.0	160.57872	
239	56920.0	13018.63	1.0	1.0	1.0	1.0	1.0	1.0	677.0	164.07278	
240	56901.0	13014.363	1.0	1.0	1.0	1.0	1.0	1.0	696.0	168.33655	
241	56881.0	13010.154	1.0	1.0	1.0	1.0	1.0	1.0	716.0	172.54478	
242	56865.0	13006.126	1.0	1.0	1.0	1.0	1.0	1.0	732.0	176.5748	
243	56853.0	13003.803	1.0	1.0	1.0	1.0	1.0	1.0	744.0	178.89958	
244	56835.0	12999.83	1.0	1.0	1.0	1.0	1.0	1.0	762.0	182.87411	
245	56816.0	12995.526	1.0	1.0	1.0	1.0	1.0	1.0	781.0	187.17632	
246	56796.0	12990.428	1.0	1.0	1.0	1.0	1.0	1.0	801.0	192.27649	
247	56769.0	12983.088	1.0	1.0	1.0	1.0	1.0	1.0	828.0	199.61868	
248	56737.0	12974.917	1.0	1.0	1.0	1.0	1.0	1.0	860.0	207.78929	
249	56709.0	12967.729	1.0	1.0	1.0	1.0	1.0	1.0	888.0	214.97961	
250	56676.0	12958.728	1.0	1.0	1.0	1.0	1.0	1.0	921.0	223.97954	
251	56641.0	12949.294	1.0	1.0	1.0	1.0	1.0	1.0	956.0	233.41402	
252	56609.0	12940.677	1.0	1.0	1.0	1.0	1.0	1.0	988.0	242.02821	
253	56582.0	12933.44	1.0	1.0	1.0	1.0	1.0	1.0	1015.0	249.26474	
254	56548.0	12924.738	1.0	1.0	1.0	1.0	1.0	1.0	1049.0	257.96753	
255	56523.0	12917.922	1.0	1.0	1.0	1.0	1.0	1.0	1074.0	264.7855	
256	56499.0	12910.28	1.0	1.0	1.0	1.0	1.0	1.0	1098.0	272.42746	
257	56478.0	12903.718	1.0	1.0	1.0	1.0	1.0	1.0	1119.0	278.98657	
258	56444.0	12893.206	1.0	1.0	1.0	1.0	1.0	1.0	1153.0	289.49777	
259	56412.0	12883.822	1.0	1.0	1.0	1.0	1.0	1.0	1185.0	298.87915	
260	56390.0	12876.614	1.0	1.0	1.0	1.0	1.0	1.0	1207.0	306.08627	
261	56360.0	12867.71	1.0	1.0	1.0	1.0	1.0	1.0	1237.0	314.99084	
262	56332.0	12859.587	1.0	1.0	1.0	1.0	1.0	1.0	1265.0	323.11496	
263	56312.0	12853.828	1.0	1.0	1.0	1.0	1.0	1.0	1285.0	328.87094	
264	56282.0	12844.745	1.0	1.0	1.0	1.0	1.0	1.0	1315.0	337.95407	
265	56262.0	12839.197	1.0	1.0	1.0	1.0	1.0	1.0	1335.0	343.50076	
266	56247.0	12835.909	1.0	1.0	1.0	1.0	1.0	1.0	1350.0	346.78906	
267	56227.0	12830.397	1.0	1.0	1.0	1.0	1.0	1.0	1370.0	352.29926	
268	56208.0	12825.375	1.0	1.0	1.0	1.0	1.0	1.0	1389.0	357.32175	
269	56177.0	12817.705	1.0	1.0	1.0	1.0	1.0	1.0	1420.0	364.99274	
270	56151.0	12812.139	1.0	1.0	1.0	1.0	1.0	1.0	1446.0	370.55795	
271	56126.0	12806.28	1.0	1.0	1.0	1.0	1.0	1.0	1471.0	376.41928	
272	56101.0	12799.429	1.0	1.0	1.0	1.0	1.0	1.0	1496.0	383.26996	
273	56076.0	12793.089	1.0	1.0	1.0	1.0	1.0	1.0	1521.0	389.60822	
274	56046.0	12784.014	1.0	1.0	1.0	1.0	1.0	1.0	1551.0	398.6812	
275	56016.0	12775.036	1.0	1.0	1.0	1.0	1.0	1.0	1581.0	407.6595	
276	55983.0	12764.035	1.0	1.0	1.0	1.0	1.0	1.0	1614.0	418.66232	
277	55937.0	12749.469	1.0	1.0	1.0	1.0	1.0	1.0	1660.0	433.23145	
278	55890.0	12735.471	1.0	1.0	1.0	1.0	1.0	1.0	1707.0	447.2276	
279	55853.0	12724.699	1.0	1.0	2.0	1.1190464	1.0	1.0	1743.0	457.87894	
280	55807.0	12711.953	1.0	1.0	2.0	1.1190464	1.0	1.0	1789.0	470.62286	
281	55767.0	12700.58	1.0	1.0	2.0	1.1190464	1.0	1.0	1829.0	481.99677	
282	55733.0	12691.529	1.0	1.0	3.0	1.2713165	1.0	1.0	1862.0	490.89615	
283	55702.0	12683.634	1.0	1.0	4.0	1.4874766	1.0	1.0	1892.0	498.57178	
284	55665.0	12672.829	1.0	1.0	8.0	2.4099345	1.0	1.0	1925.0	508.4526	
285	55638.0	12664.1045	1.0	1.0	9.0	2.5785658	1.0	1.0	1951.0	517.0081	
286	55602.0	12651.034	1.0	1.0	9.0	2.5785658	1.0	1.0	1987.0	530.0795	
287	55574.0	12641.221	1.0	1.0	10.0	2.857312	1.0	1.0	2014.0	539.61224	
288	55538.0	12628.373	1.0	1.0	13.0	3.490644	1.0	1.0	2047.0	551.8264	
289	55498.0	12614.96	1.0	1.0	15.0	3.9282146	1.0	1.0	2085.0	564.80505	
290	55455.0	12602.888	1.0	1.0	20.0	5.069064	1.0	1.0	2123.0	575.737	
291	55409.0	12586.908	1.0	1.0	24.0	5.8242245	1.0	1.0	2165.0	590.95734	
292	55361.0	12572.029	1.0	1.0	26.0	6.2234564	1.0	1.0	2211.0	605.4357	
293	55321.0	12559.244	1.0	1.0	26.0	6.2234564	1.0	1.0	2251.0	618.2219	
294	55263.0	12540.572	1.0	1.0	26.0	6.2234564	1.0	1.0	2309.0	636.89825	
295	55214.0	12525.114	1.0	1.0	26.0	6.2234564	1.0	1.0	2358.0	652.35767	
296	55167.0	12509.509	1.0	1.0	26.0	6.2234564	1.0	1.0	2405.0	667.9691	
297	55121.0	12494.693	1.0	1.0	26.0	6.2234564	1.0	1.0	2451.0	682.7829	
298	55075.0	12480.341	1.0	1.0	26.0	6.2234564	1.0	1.0	2497.0	697.137	
299	55039.0	12469.355	1.0	1.0	26.0	6.2234564	1.0	1.0	2533.0	708.1213	
300	55005.0	12459.38	1.0	1.0	26.0	6.2234564	1.0	1.0	2567.0	718.1014	
301	54969.0	12448.823	1.0	1.0	26.0	6.2234564	1.0	1.0	2603.0	728.6595	
302	54943.0	12441.459	1.0	1.0	26.0	6.2234564	1.0	1.0	2629.0	736.02203	
303	54914.0	12433.069	1.0	1.0	26.0	6.2234564	1.0	1.0	2658.0	744.4124	
304	54885.0	12425.385	1.0	1.0	26.0	6.2234564	1.0	1.0	2687.0	752.0975	
305	54857.0	12417.968	1.0	1.0	26.0	6.2234564	1.0	1.0	2715.0	759.5129	
306	54831.0	12409.869	1.0	1.0	26.0	6.2234564	1.0	1.0	2741.0	767.61163	
307	54806.0	12403.588	1.0	1.0	26.0	6.2234564	1.0	1.0	2766.0	773.8958	
308	54779.0	12396.529	1.0	1.0	26.0	6.2234564	1.0	1.0	2793.0	780.9542	
309	54761.0	12391.096	1.0	1.0	26.0	6.2234564	1.0	1.0	2811.0	786.38806	
310	54744.0	12386.661	1.0	1.0	26.0	6.2234564	1.0	1.0	2828.0	790.8216	
311	54724.0	12381.751	1.0	1.0	26.0	6.2234564	1.0	1.0	2848.0	795.73224	
312	54707.0	12377.527	1.0	1.0	26.0	6.2234564	1.0	1.0	2865.0	799.9545	
313	54691.0	12373.103	1.0	1.0	26.0	6.2234564	1.0	1.0	2881.0	804.37897	
314	54673.0	12368.246	1.0	1.0	26.0	6.2234564	1.0	1.0	2899.0	809.23566	
315	54654.0	12363.086	1.0	1.0	26.0	6.2234564	1.0	1.0	2918.0	814.39355	
316	54635.0	12357.749	1.0	1.0	26.0	6.2234564	1.0	1.0	2937.0	819.7323	
317	54617.0	12352.558	1.0	1.0	26.0	6.2234564	1.0	1.0	2955.0	824.9242	
318	54593.0	12345.694	1.0	1.0	26.0	6.2234564	1.0	1.0	2979.0	831.783	
319	54563.0	12337.639	1.0	1.0	26.0	6.2234564	1.0	1.0	3009.0	839.8381	
320	54537.0	12329.927	1.0	1.0	26.0	6.2234564	1.0	1.0	3035.0	847.5506	
321	54511.0	12322.463	1.0	1.0	26.0	6.2234564	1.0	1.0	3061.0	855.0171	
322	54469.0	12308.748	1.0	1.0	27.0	6.3945622	1.0	1.0	3102.0	868.5634	
323	54425.0	12295.184	1.0	1.0	28.0	6.6311593	1.0	1.0	3145.0	881.8925	
324	54384.0	12283.209	1.0	1.0	31.0	7.5307684	1.0	1.0	3183.0	892.9663	
325	54335.0	12269.199	1.0	1.0	33.0	8.101927	1.0	1.0	3230.0	906.4045	
326	54298.0	12258.697	1.0	1.0	34.0	8.410668	1.0	1.0	3266.0	916.5966	
327	54254.0	12245.122	1.0	1.0	37.0	9.228606	1.0	1.0	3307.0	929.3556	
328	54214.0	12233.871	1.0	1.0	42.0	10.608926	1.0	1.0	3342.0	939.225	
329	54178.0	12223.896	1.0	1.0	50.0	12.823501	1.0	1.0	3370.0	946.98254	
330	54131.0	12209.578	1.0	1.0	62.0	16.029608	1.0	1.0	3405.0	958.09705	
331	54064.0	12190.443	1.0	1.0	78.0	20.304035	1.0	1.0	3456.0	972.9558	
332	54007.0	12173.932	1.0	1.0	87.0	22.588043	2.0	1.4342132	3503.0	986.7511	
333	53941.0	12155.208	1.0	1.0	105.0	27.458187	3.0	1.9668689	3550.0	1000.0761	
334	53879.0	12137.172	1.0	1.0	119.0	30.911163	5.0	2.9520462	3596.0	1013.67645	
335	53827.0	12122.038	1.0	1.0	126.0	32.432632	7.0	3.9891107	3639.0	1026.2506	
336	53779.0	12109.382	1.0	1.0	135.0	34.38229	11.0	6.084985	3674.0	1034.8591	
337	53717.0	12093.741	1.0	1.0	147.0	37.249763	17.0	8.830331	3718.0	1044.882	
338	53651.0	12074.1455	1.0	1.0	157.0	39.774635	24.0	12.318893	3767.0	1058.4623	
339	53581.0	12054.927	1.0	1.0	166.0	41.949833	32.0	16.071741	3820.0	1071.7488	
340	53517.0	12036.296	1.0	1.0	174.0	43.83463	45.0	21.470676	3863.0	1083.0985	
341	53457.0	12019.302	1.0	1.0	180.0	45.421867	54.0	24.897419	3908.0	1095.0791	
342	53398.0	12003.74	1.0	1.0	187.0	46.9683	62.0	27.698875	3952.0	1106.2916	
343	53338.0	11988.695	1.0	1.0	191.0	47.936306	73.0	31.381104	3997.0	1116.6912	
344	53272.0	11971.778	1.0	1.0	195.0	49.075726	83.0	34.505886	4049.0	1129.3466	
345	53216.0	11957.482	1.0	1.0	200.0	50.142113	91.0	36.951267	4092.0	1140.1321	
346	53150.0	11940.063	1.0	1.0	210.0	52.969955	104.0	40.71527	4135.0	1150.9624	
347	53070.0	11917.88	1.0	1.0	217.0	54.949436	123.0	46.873425	4189.0	1165.0077	
348	53012.0	11901.166	1.0	1.0	223.0	56.46042	135.0	49.98702	4229.0	1177.0907	
349	52937.0	11879.3125	1.0	1.0	227.0	57.86159	157.0	55.9949	4278.0	1191.535	
350	52868.0	11858.901	1.0	1.0	235.0	60.45733	175.0	60.867104	4321.0	1204.4762	
351	52801.0	11841.142	1.0	1.0	246.0	63.353977	194.0	65.43743	4358.0	1214.7653	
352	52735.0	11823.714	1.0	1.0	255.0	65.784645	209.0	69.251564	4400.0	1225.9454	
353	52667.0	11806.963	1.0	1.0	262.0	67.92614	226.0	73.13667	4444.0	1236.6741	
354	52582.0	11783.546	1.0	1.0	275.0	72.489555	252.0	79.85169	4490.0	1248.8091	
355	52497.0	11761.585	1.0	1.0	295.0	78.71319	273.0	85.23296	4534.0	1259.1671	
356	52407.0	11739.43	1.0	1.0	313.0	84.15347	292.0	89.96608	4587.0	1271.1512	
357	52320.0	11716.507	1.0	1.0	333.0	90.33795	313.0	95.19548	4633.0	1282.6562	
358	52238.0	11697.079	1.0	1.0	354.0	96.610275	326.0	97.86276	4681.0	1293.1449	
359	52161.0	11678.779	1.0	1.0	370.0	100.67306	343.0	102.09064	4725.0	1303.15	
360	52077.0	11657.239	1.0	1.0	388.0	105.709175	365.0	107.98563	4769.0	1313.7657	
361	51995.0	11635.725	1.0	1.0	404.0	110.392296	380.0	112.62618	4820.0	1325.9574	
362	51919.0	11613.202	1.0	1.0	424.0	117.83576	394.0	117.1274	4862.0	1336.5314	
363	51830.0	11587.461	1.0	1.0	452.0	128.26385	419.0	124.39807	4898.0	1344.5726	
364	51735.0	11561.372	1.0	1.0	480.0	137.15611	443.0	131.45604	4941.0	1354.7142	
365	51651.0	11536.757	1.0	1.0	500.0	143.97194	467.0	138.6117	4981.0	1365.3627	
366	51559.0	11509.367	1.0	1.0	530.0	155.09352	490.0	144.97697	5020.0	1375.2662	
367	51460.0	11477.549	1.0	1.0	566.0	168.8491	517.0	152.78036	5056.0	1385.5277	
368	51359.0	11447.113	1.0	1.0	596.0	179.41109	541.0	160.1564	5103.0	1398.0302	
369	51252.0	11415.416	1.0	1.0	628.0	189.77368	567.0	166.74527	5152.0	1412.7721	
370	51141.0	11382.032	1.0	1.0	669.0	203.90141	588.0	172.06415	5201.0	1426.7128	
371	51030.0	11350.068	1.0	1.0	706.0	216.15678	604.0	175.72523	5259.0	1442.7623	
372	50936.0	11324.36	1.0	1.0	733.0	224.56302	622.0	180.06975	5308.0	1455.7208	
373	50833.0	11296.336	1.0	1.0	756.0	231.84251	641.0	185.31682	5369.0	1471.2211	
374	50722.0	11265.881	1.0	1.0	788.0	240.48648	656.0	189.7192	5433.0	1488.6283	
375	50599.0	11232.883	1.0	1.0	819.0	248.87479	681.0	196.56662	5500.0	1506.3954	
376	50477.0	11200.062	1.0	1.0	856.0	258.89978	710.0	204.51495	5556.0	1521.2545	
377	50356.0	11167.973	1.0	1.0	890.0	267.81137	733.0	211.56596	5620.0	1537.3805	
378	50248.0	11139.277	1.0	1.0	923.0	276.28204	762.0	219.36398	5666.0	1549.8075	
379	50139.0	11110.923	1.0	1.0	961.0	285.14453	794.0	228.95514	5705.0	1559.7043	
380	50028.0	11081.758	1.0	1.0	997.0	293.6457	830.0	239.51852	5744.0	1569.8005	
381	49932.0	11055.393	1.0	1.0	1022.0	298.8668	866.0	250.53633	5779.0	1579.929	
382	49824.0	11025.805	1.0	1.0	1053.0	305.89258	899.0	261.74484	5823.0	1591.2815	
383	49705.0	10992.708	1.0	1.0	1078.0	311.29358	951.0	278.46494	5865.0	1602.2556	
384	49589.0	10959.146	1.0	1.0	1102.0	317.95016	987.0	289.75662	5921.0	1617.8623	
385	49469.0	10923.397	1.0	1.0	1122.0	322.97006	1030.0	304.43384	5978.0	1633.9132	
386	49350.0	10890.771	1.0	1.0	1150.0	328.80832	1060.0	315.34927	6039.0	1649.7836	
387	49235.0	10859.365	1.0	1.0	1171.0	333.39883	1098.0	327.44235	6095.0	1664.5065	
388	49131.0	10830.468	1.0	1.0	1190.0	337.8759	1132.0	338.65344	6146.0	1677.7162	
389	49022.0	10799.3545	1.0	1.0	1210.0	342.91815	1161.0	347.88977	6206.0	1694.5502	
390	48900.0	10764.215	1.0	1.0	1236.0	349.56085	1199.0	361.23468	6264.0	1709.7007	
391	48792.0	10733.9375	1.0	1.0	1270.0	357.75958	1228.0	371.4077	6309.0	1721.6079	
392	48678.0	10702.549	1.0	1.0	1298.0	363.90305	1251.0	379.87546	6372.0	1738.3793	
393	48543.0	10665.819	1.0	1.0	1326.0	370.39072	1287.0	391.93765	6443.0	1756.5524	
394	48425.0	10633.978	1.0	1.0	1354.0	377.2904	1320.0	401.9539	6500.0	1771.4803	
395	48318.0	10603.56	1.0	1.0	1375.0	383.15918	1348.0	409.5113	6558.0	1788.4711	
396	48201.0	10569.509	1.0	1.0	1402.0	390.49432	1379.0	418.12415	6617.0	1806.577	
397	48084.0	10536.561	1.0	1.0	1425.0	396.95868	1408.0	426.156	6682.0	1825.0319	
398	47956.0	10499.936	1.0	1.0	1449.0	404.17557	1445.0	437.29126	6749.0	1843.3087	
399	47836.0	10468.188	1.0	1.0	1470.0	410.34073	1469.0	443.07758	6824.0	1863.1028	
400	47728.0	10437.485	1.0	1.0	1499.0	420.13394	1488.0	447.4437	6884.0	1879.651	
401	47615.0	10402.908	1.0	1.0	1525.0	429.435	1508.0	452.31213	6951.0	1900.0543	
402	47510.0	10373.16	1.0	1.0	1553.0	438.57477	1525.0	455.74774	7011.0	1917.2245	
403	47385.0	10336.772	1.0	1.0	1591.0	451.65726	1546.0	460.47485	7077.0	1935.8046	
404	47265.0	10300.849	1.0	1.0	1624.0	463.46	1564.0	464.74023	7146.0	1955.6609	
405	47153.0	10269.164	1.0	1.0	1653.0	471.96823	1583.0	467.47488	7210.0	1976.1143	
406	47042.0	10232.453	1.0	1.0	1688.0	484.8638	1593.0	469.48166	7276.0	1997.9231	
407	46928.0	10196.152	1.0	1.0	1729.0	500.77097	1598.0	470.29605	7344.0	2017.498	
408	46804.0	10159.629	1.0	1.0	1770.0	514.8035	1608.0	471.50015	7417.0	2038.7777	
409	46712.0	10132.523	1.0	1.0	1798.0	525.0988	1609.0	470.796	7480.0	2056.2998	
410	46588.0	10096.673	1.0	1.0	1839.0	539.18567	1619.0	472.98605	7553.0	2075.8718	
411	46485.0	10067.292	1.0	1.0	1873.0	550.18555	1623.0	473.57007	7618.0	2093.671	
412	46387.0	10037.075	1.0	1.0	1904.0	559.83954	1620.0	471.1836	7688.0	2116.6162	
413	46274.0	10005.14	1.0	1.0	1931.0	567.05536	1627.0	471.82352	7767.0	2140.699	
414	46173.0	9974.82	1.0	1.0	1953.0	574.5642	1630.0	470.9476	7843.0	2164.3845	
415	46075.0	9945.9375	1.0	1.0	1976.0	582.68915	1642.0	473.42596	7906.0	2182.6685	
416	45969.0	9915.674	1.0	1.0	2000.0	590.65857	1660.0	477.31418	7970.0	2201.073	
417	45868.0	9884.048	1.0	1.0	2028.0	599.86755	1667.0	478.78125	8036.0	2222.0195	
418	45759.0	9850.991	1.0	1.0	2056.0	608.1065	1673.0	478.72815	8111.0	2246.8901	
419	45665.0	9823.921	1.0	1.0	2082.0	615.04193	1675.0	478.34286	8177.0	2267.4133	
420	45573.0	9799.089	1.0	1.0	2100.0	620.32886	1677.0	477.68634	8249.0	2287.6147	
421	45484.0	9775.5205	1.0	1.0	2120.0	625.95715	1680.0	476.9786	8315.0	2306.2612	
422	45384.0	9749.418	1.0	1.0	2150.0	633.5324	1689.0	478.73343	8376.0	2323.033	
423	45294.0	9727.37	1.0	1.0	2171.0	638.5598	1701.0	481.18198	8433.0	2337.614	
424	45206.0	9702.002	1.0	1.0	2190.0	644.0451	1706.0	482.74725	8497.0	2355.923	
425	45109.0	9674.771	1.0	1.0	2203.0	647.76953	1722.0	487.48715	8565.0	2374.6904	
426	45003.0	9646.185	1.0	1.0	2216.0	651.08154	1745.0	494.52527	8635.0	2392.9292	
427	44888.0	9612.855	1.0	1.0	2239.0	657.3918	1765.0	500.81534	8707.0	2413.6582	
428	44784.0	9583.204	1.0	1.0	2249.0	660.1212	1781.0	505.05307	8785.0	2436.3384	
429	44658.0	9545.5625	1.0	1.0	2261.0	662.94965	1805.0	511.99017	8875.0	2464.2139	
430	44532.0	9508.059	1.0	1.0	2277.0	667.35767	1828.0	519.91486	8962.0	2489.388	
431	44412.0	9470.449	1.0	1.0	2296.0	672.97986	1847.0	526.4518	9044.0	2514.8345	
432	44277.0	9430.157	1.0	1.0	2320.0	679.7252	1868.0	533.32294	9134.0	2541.515	
433	44137.0	9388.891	1.0	1.0	2340.0	686.7494	1886.0	538.9516	9236.0	2570.1252	
434	44013.0	9351.309	1.0	1.0	2363.0	694.3295	1904.0	545.3597	9319.0	2593.72	
435	43907.0	9317.611	1.0	1.0	2381.0	700.0649	1923.0	551.4905	9388.0	2615.5632	
436	43796.0	9283.093	1.0	1.0	2402.0	708.33276	1936.0	556.0811	9465.0	2637.2275	
437	43680.0	9246.69	1.0	1.0	2428.0	716.9533	1950.0	562.2444	9541.0	2658.8523	
438	43580.0	9216.31	1.0	1.0	2449.0	722.73785	1967.0	569.0688	9603.0	2676.6301	
439	43499.0	9194.378	1.0	1.0	2471.0	728.33575	1972.0	570.56146	9657.0	2691.4766	
440	43385.0	9162.441	1.0	1.0	2510.0	740.0534	1978.0	571.90656	9726.0	2710.3464	
441	43284.0	9133.865	1.0	1.0	2541.0	747.7781	1988.0	574.49133	9786.0	2728.6091	
442	43180.0	9103.999	1.0	1.0	2576.0	757.748	1998.0	577.94775	9845.0	2745.047	
443	43081.0	9074.004	1.0	1.0	2605.0	766.9407	2022.0	585.91656	9891.0	2757.8718	
444	42992.0	9047.804	1.0	1.0	2634.0	776.73157	2027.0	588.25055	9946.0	2771.9475	
445	42897.0	9021.886	1.0	1.0	2661.0	785.1726	2042.0	591.9351	9999.0	2785.7393	
446	42793.0	8992.784	1.0	1.0	2695.0	796.98145	2050.0	593.4658	10061.0	2801.5042	
447	42693.0	8965.467	1.0	1.0	2716.0	804.1351	2061.0	595.1419	10129.0	2819.9856	
448	42616.0	8944.2295	1.0	1.0	2735.0	810.3629	2062.0	594.22095	10186.0	2835.9229	
449	42521.0	8917.311	1.0	1.0	2759.0	818.7132	2057.0	591.29663	10262.0	2857.4163	
450	42420.0	8888.735	1.0	1.0	2793.0	830.62036	2052.0	587.4909	10334.0	2877.893	
451	42317.0	8858.606	1.0	1.0	2822.0	841.5099	2049.0	585.92865	10411.0	2898.6904	
452	42218.0	8829.434	1.0	1.0	2854.0	852.19495	2048.0	583.8447	10479.0	2919.2634	
453	42115.0	8799.212	1.0	1.0	2883.0	861.4842	2054.0	584.6951	10547.0	2939.3486	
454	42003.0	8765.262	1.0	1.0	2915.0	871.61707	2050.0	581.62286	10631.0	2966.2454	
455	41878.0	8730.066	1.0	1.0	2956.0	883.29034	2059.0	583.45374	10706.0	2987.93	
456	41750.0	8694.734	1.0	1.0	2988.0	891.84143	2058.0	581.4942	10803.0	3016.6704	
457	41633.0	8664.89	1.0	1.0	3016.0	897.80286	2054.0	579.7332	10896.0	3042.3125	
458	41534.0	8637.964	1.0	1.0	3041.0	903.5355	2045.0	577.0536	10979.0	3066.1843	
459	41436.0	8611.599	1.0	1.0	3071.0	911.76227	2037.0	573.404	11055.0	3087.9746	
460	41327.0	8585.495	1.0	1.0	3103.0	919.2078	2027.0	570.3137	11142.0	3109.7278	
461	41222.0	8557.915	1.0	1.0	3137.0	927.88947	2013.0	565.83673	11227.0	3133.1135	
462	41124.0	8534.065	1.0	1.0	3164.0	933.7471	2007.0	562.5786	11304.0	3154.3618	
463	41040.0	8512.292	1.0	1.0	3191.0	940.9277	1999.0	559.16565	11369.0	3172.3599	
464	40929.0	8484.125	1.0	1.0	3225.0	949.45593	1991.0	555.2241	11454.0	3195.9392	
465	40819.0	8456.983	1.0	1.0	3263.0	960.07794	1974.0	548.3897	11543.0	3219.3	
466	40686.0	8423.75	1.0	1.0	3313.0	972.9798	1981.0	549.1709	11619.0	3238.853	
467	40568.0	8392.095	1.0	1.0	3358.0	986.5731	1974.0	546.8983	11699.0	3259.19	
468	40436.0	8354.252	1.0	1.0	3415.0	1002.8009	1964.0	543.8362	11784.0	3283.8677	
469	40317.0	8320.737	1.0	1.0	3470.0	1018.2539	1945.0	538.49426	11867.0	3307.2693	
470	40199.0	8287.171	1.0	1.0	3524.0	1033.2445	1927.0	533.3895	11949.0	3330.9468	
471	40088.0	8257.089	1.0	1.0	3567.0	1044.9141	1907.0	526.45624	12037.0	3356.2942	
472	39968.0	8225.32	1.0	1.0	3621.0	1058.7311	1902.0	525.2049	12108.0	3375.4912	
473	39860.0	8196.607	1.0	1.0	3662.0	1069.8783	1884.0	520.0146	12193.0	3398.2449	
474	39745.0	8165.253	1.0	1.0	3705.0	1081.7888	1869.0	515.56335	12280.0	3422.14	
475	39643.0	8139.608	1.0	1.0	3742.0	1091.6171	1849.0	509.09116	12365.0	3444.4292	
476	39553.0	8117.2085	1.0	1.0	3777.0	1101.5745	1822.0	501.49014	12447.0	3464.4722	
477	39441.0	8088.279	1.0	1.0	3815.0	1112.8923	1808.0	496.7282	12535.0	3486.8499	
478	39330.0	8062.448	1.0	1.0	3850.0	1121.5414	1783.0	487.99042	12636.0	3512.767	
479	39211.0	8031.553	1.0	1.0	3895.0	1133.921	1759.0	478.67343	12734.0	3540.6003	
480	39115.0	8006.966	1.0	1.0	3933.0	1144.883	1734.0	470.55194	12817.0	3562.348	
481	39000.0	7979.1133	1.0	1.0	3975.0	1154.5817	1713.0	463.2828	12911.0	3587.7698	
482	38908.0	7955.5405	1.0	1.0	4013.0	1163.8381	1695.0	458.0119	12983.0	3607.36	
483	38825.0	7935.805	1.0	1.0	4052.0	1173.5723	1668.0	449.81808	13054.0	3625.5535	
484	38725.0	7913.5703	1.0	1.0	4102.0	1184.1212	1650.0	445.24268	13122.0	3641.813	
485	38627.0	7892.952	1.0	1.0	4134.0	1191.684	1631.0	439.40665	13207.0	3660.702	
486	38524.0	7868.636	1.0	1.0	4167.0	1198.7589	1610.0	433.39087	13298.0	3683.9597	
487	38433.0	7849.4507	1.0	1.0	4201.0	1206.8635	1591.0	427.68228	13374.0	3700.749	
488	38361.0	7833.039	1.0	1.0	4229.0	1213.8822	1562.0	419.46198	13447.0	3718.3604	
489	38265.0	7811.3794	1.0	1.0	4276.0	1225.422	1531.0	411.2461	13527.0	3736.6956	
490	38174.0	7789.5396	1.0	1.0	4308.0	1233.9944	1503.0	403.15286	13614.0	3758.0574	
491	38077.0	7767.0293	1.0	1.0	4345.0	1242.7332	1467.0	392.8412	13710.0	3782.1448	
492	37984.0	7746.861	1.0	1.0	4383.0	1250.9086	1442.0	384.80426	13790.0	3802.1738	
493	37893.0	7727.1753	1.0	1.0	4425.0	1260.0995	1413.0	375.88388	13868.0	3821.5872	
494	37791.0	7702.3853	1.0	1.0	4473.0	1271.8514	1377.0	364.89322	13958.0	3845.611	
495	37683.0	7678.431	1.0	1.0	4515.0	1280.817	1344.0	355.88568	14057.0	3869.6064	
496	37572.0	7652.1084	1.0	1.0	4556.0	1290.186	1318.0	349.78848	14153.0	3892.6565	
497	37469.0	7627.897	1.0	1.0	4602.0	1300.7517	1282.0	341.23264	14246.0	3914.8562	
498	37351.0	7599.7065	1.0	1.0	4638.0	1309.5112	1268.0	337.05078	14342.0	3938.4678	
499	37249.0	7575.7666	1.0	1.0	4673.0	1318.2614	1245.0	330.1907	14432.0	3960.5156	
500	37143.0	7551.6978	1.0	1.0	4709.0	1326.2819	1224.0	323.8285	14523.0	3982.9219	
501	37051.0	7528.785	1.0	1.0	4753.0	1336.8771	1195.0	316.6284	14600.0	4002.443	
502	36964.0	7508.172	1.0	1.0	4793.0	1346.6674	1175.0	311.02884	14667.0	4018.87	
503	36875.0	7486.903	1.0	1.0	4838.0	1358.6444	1152.0	304.93222	14734.0	4034.258	
504	36772.0	7458.3647	1.0	1.0	4897.0	1375.825	1128.0	298.05157	14802.0	4052.4993	
505	36670.0	7433.9233	1.0	1.0	4949.0	1389.1086	1095.0	288.22705	14885.0	4073.4807	
506	36587.0	7413.1514	1.0	1.0	4982.0	1398.8712	1062.0	277.7885	14968.0	4094.9272	
507	36496.0	7390.6914	1.0	1.0	5026.0	1410.7191	1030.0	267.40125	15047.0	4115.929	
508	36419.0	7372.16	1.0	1.0	5061.0	1419.1088	990.0	255.18121	15129.0	4138.291	
509	36328.0	7349.641	1.0	1.0	5096.0	1428.4156	964.0	248.76115	15211.0	4157.924	
510	36234.0	7325.4883	1.0	1.0	5137.0	1440.2966	929.0	240.68938	15299.0	4178.2715	
511	36128.0	7296.1934	1.0	1.0	5181.0	1452.6248	913.0	236.93767	15377.0	4198.9863	
512	36051.0	7275.65	1.0	1.0	5217.0	1462.6316	891.0	232.34407	15440.0	4214.1157	
513	35927.0	7240.873	1.0	1.0	5268.0	1476.3679	879.0	230.53961	15525.0	4236.962	
514	35838.0	7216.881	1.0	1.0	5309.0	1487.8298	856.0	224.68575	15596.0	4255.35	
515	35747.0	7193.7734	1.0	1.0	5350.0	1498.5553	843.0	220.02557	15659.0	4272.3945	
516	35659.0	7172.382	1.0	1.0	5389.0	1508.7689	811.0	210.86292	15740.0	4292.732	
517	35574.0	7149.7607	1.0	1.0	5449.0	1525.8003	784.0	202.3975	15792.0	4306.7876	
518	35492.0	7127.604	1.0	1.0	5498.0	1539.8499	766.0	197.02672	15843.0	4320.268	
519	35409.0	7107.2134	1.0	1.0	5542.0	1551.852	740.0	189.54376	15908.0	4336.141	
520	35353.0	7093.241	1.0	1.0	5574.0	1560.9176	713.0	181.44212	15959.0	4349.146	
521	35285.0	7076.266	1.0	1.0	5611.0	1571.3732	691.0	175.95976	16012.0	4361.1484	
522	35197.0	7051.9424	1.0	1.0	5654.0	1584.5906	676.0	171.3769	16072.0	4376.8384	
523	35113.0	7029.5234	1.0	1.0	5706.0	1600.349	651.0	164.2575	16129.0	4390.617	
524	35038.0	7007.2144	1.0	1.0	5759.0	1617.3258	630.0	157.64825	16172.0	4402.562	
525	34949.0	6980.597	1.0	1.0	5816.0	1636.2872	609.0	151.22263	16225.0	4416.6436	
526	34862.0	6954.371	1.0	1.0	5869.0	1654.057	592.0	147.00374	16276.0	4429.3223	
527	34782.0	6930.946	1.0	1.0	5921.0	1670.9956	575.0	142.26007	16321.0	4440.549	
528	34713.0	6909.7124	1.0	1.0	5964.0	1686.3033	551.0	135.67856	16371.0	4453.0537	
529	34623.0	6880.9546	1.0	1.0	6020.0	1705.1558	534.0	131.06033	16422.0	4467.579	
530	34538.0	6852.6587	1.0	1.0	6071.0	1723.1284	511.0	125.281845	16479.0	4483.6787	
531	34442.0	6822.9414	1.0	1.0	6125.0	1740.4492	493.0	120.56073	16539.0	4500.792	
532	34351.0	6793.439	1.0	1.0	6172.0	1755.1605	464.0	111.968605	16612.0	4524.177	
533	34243.0	6759.19	1.0	1.0	6226.0	1771.8386	436.0	104.57498	16694.0	4549.1436	
534	34152.0	6731.846	1.0	1.0	6266.0	1784.0022	413.0	98.26663	16768.0	4570.631	
535	34052.0	6701.814	1.0	1.0	6318.0	1799.0353	380.0	89.35292	16849.0	4594.544	
536	33947.0	6671.0	1.0	1.0	6373.0	1815.479	362.0	84.39003	16917.0	4613.8794	
537	33840.0	6639.168	1.0	1.0	6429.0	1832.3336	345.0	80.21743	16985.0	4633.032	
538	33723.0	6604.667	1.0	1.0	6482.0	1847.6666	326.0	74.63635	17068.0	4657.781	
539	33623.0	6575.105	1.0	1.0	6526.0	1860.0237	314.0	71.7067	17136.0	4677.9136	
540	33524.0	6542.8945	1.0	1.0	6569.0	1875.2261	301.0	68.44278	17205.0	4698.1865	
541	33425.0	6514.328	1.0	1.0	6614.0	1889.3317	289.0	66.10655	17271.0	4714.984	
542	33327.0	6486.875	1.0	1.0	6657.0	1903.2113	279.0	64.06572	17336.0	4730.602	
543	33228.0	6459.0303	1.0	1.0	6698.0	1917.1504	270.0	62.75054	17403.0	4745.8223	
544	33132.0	6435.2773	1.0	1.0	6736.0	1927.6553	254.0	59.169846	17477.0	4762.6533	
545	33043.0	6412.505	1.0	1.0	6784.0	1941.3317	236.0	55.600124	17536.0	4775.322	
546	32929.0	6385.0396	1.0	1.0	6819.0	1951.5509	219.0	52.458782	17632.0	4795.7065	
547	32820.0	6358.643	1.0	1.0	6858.0	1963.1031	205.0	49.51411	17716.0	4813.4927	
548	32720.0	6333.5737	1.0	1.0	6889.0	1972.9762	196.0	47.388485	17794.0	4830.8154	
549	32620.0	6306.5005	1.0	1.0	6934.0	1987.1447	185.0	45.19999	17860.0	4845.9087	
550	32530.0	6284.202	1.0	1.0	6968.0	1996.4825	178.0	43.740726	17923.0	4860.325	
551	32448.0	6261.6157	1.0	1.0	7005.0	2007.6365	166.0	40.73842	17980.0	4874.76	
552	32349.0	6237.326	1.0	1.0	7045.0	2018.6012	155.0	36.97796	18050.0	4891.8447	
553	32270.0	6218.09	1.0	1.0	7084.0	2029.0345	144.0	34.238926	18101.0	4903.381	
554	32181.0	6196.1855	1.0	1.0	7116.0	2036.1132	138.0	32.54469	18164.0	4919.902	
555	32089.0	6172.7383	1.0	1.0	7158.0	2047.2585	129.0	29.778233	18223.0	4934.9683	
556	32007.0	6153.134	1.0	1.0	7203.0	2058.1885	120.0	27.70933	18269.0	4945.713	
557	31917.0	6133.7827	1.0	1.0	7248.0	2068.4631	112.0	25.618456	18322.0	4956.878	
558	31836.0	6117.8413	1.0	1.0	7284.0	2077.018	104.0	23.483683	18375.0	4966.3994	
559	31754.0	6099.3965	1.0	1.0	7320.0	2085.174	94.0	21.002516	18431.0	4979.1665	
560	31684.0	6085.239	1.0	1.0	7354.0	2092.639	83.0	17.99174	18478.0	4988.871	
561	31609.0	6068.8345	1.0	1.0	7389.0	2100.8271	77.0	16.959194	18524.0	4998.121	
562	31545.0	6054.931	1.0	1.0	7425.0	2108.7517	70.0	15.511837	18559.0	5005.5464	
563	31476.0	6038.838	1.0	1.0	7453.0	2115.6216	62.0	13.749451	18608.0	5016.5312	
564	31411.0	6023.806	1.0	1.0	7483.0	2123.2737	57.0	12.758102	18648.0	5024.901	
565	31329.0	6005.42	1.0	1.0	7517.0	2131.6304	51.0	11.583633	18702.0	5036.108	
566	31248.0	5987.139	1.0	1.0	7565.0	2142.6182	40.0	9.295355	18746.0	5045.686	
567	31174.0	5970.0054	1.0	1.0	7605.0	2152.2583	33.0	7.733194	18787.0	5054.7417	
568	31099.0	5954.724	1.0	1.0	7642.0	2160.8237	25.0	6.073719	18833.0	5063.1147	
569	31022.0	5938.095	1.0	1.0	7676.0	2169.1821	21.0	5.2135606	18880.0	5072.244	
570	30953.0	5922.7236	1.0	1.0	7718.0	2179.541	16.0	4.0391707	18912.0	5078.43	
571	30890.0	5910.709	1.0	1.0	7749.0	2186.3403	12.0	3.1158955	18948.0	5084.5703	
572	30823.0	5895.422	1.0	1.0	7783.0	2195.2236	11.0	2.927489	18982.0	5091.163	
573	30776.0	5885.6255	1.0	1.0	7803.0	2199.8647	6.0	1.976938	19014.0	5097.269	
574	30713.0	5873.7266	1.0	1.0	7833.0	2205.6895	6.0	1.976938	19047.0	5103.34	
575	30656.0	5861.7837	1.0	1.0	7864.0	2212.063	3.0	1.451657	19076.0	5109.437	
576	30595.0	5850.1562	1.0	1.0	7890.0	2216.6106	3.0	1.451657	19111.0	5116.5166	
577	30548.0	5841.1084	1.0	1.0	7911.0	2220.843	2.0	1.1925156	19138.0	5121.5903	
578	30494.0	5830.1035	1.0	1.0	7932.0	2225.197	2.0	1.1925156	19171.0	5128.242	
579	30437.0	5817.377	1.0	1.0	7956.0	2230.1912	2.0	1.1925156	19204.0	5135.971	
580	30390.0	5805.9253	1.0	1.0	7974.0	2234.533	1.0	1.0	19234.0	5143.274	
581	30324.0	5792.384	1.0	1.0	8007.0	2241.2214	1.0	1.0	19267.0	5150.128	
582	30261.0	5777.1245	1.0	1.0	8038.0	2248.295	1.0	1.0	19299.0	5158.309	
583	30193.0	5761.196	1.0	1.0	8070.0	2255.0674	1.0	1.0	19335.0	5167.466	
584	30135.0	5747.3745	1.0	1.0	8097.0	2261.3284	1.0	1.0	19366.0	5175.023	
585	30071.0	5731.366	1.0	1.0	8124.0	2267.9229	1.0	1.0	19403.0	5184.437	
586	30017.0	5717.76	1.0	1.0	8150.0	2274.0068	1.0	1.0	19431.0	5191.959	
587	29948.0	5700.9316	1.0	1.0	8180.0	2280.7202	1.0	1.0	19470.0	5202.0737	
588	29872.0	5682.7974	1.0	1.0	8218.0	2289.0654	1.0	1.0	19508.0	5211.8623	
589	29806.0	5666.236	1.0	1.0	8254.0	2297.7222	1.0	1.0	19538.0	5219.7686	
590	29725.0	5646.4824	1.0	1.0	8292.0	2307.2278	1.0	1.0	19581.0	5230.0176	
591	29631.0	5626.1143	1.0	1.0	8344.0	2318.3523	1.0	1.0	19623.0	5239.258	
592	29560.0	5608.406	1.0	1.0	8382.0	2327.7385	1.0	1.0	19656.0	5247.581	
593	29465.0	5583.279	1.0	1.0	8429.0	2340.4778	1.0	1.0	19704.0	5259.9653	
594	29398.0	5567.162	1.0	1.0	8465.0	2349.6248	1.0	1.0	19735.0	5266.9385	
595	29326.0	5550.343	1.0	1.0	8510.0	2359.7537	1.0	1.0	19762.0	5273.631	
596	29263.0	5537.2573	1.0	1.0	8543.0	2366.8525	1.0	1.0	19792.0	5279.619	
597	29198.0	5523.1953	1.0	1.0	8574.0	2373.6843	1.0	1.0	19826.0	5286.8525	
598	29144.0	5511.2373	1.0	1.0	8600.0	2378.8826	1.0	1.0	19854.0	5293.6167	
599	29068.0	5494.1333	1.0	1.0	8639.0	2388.4912	1.0	1.0	19891.0	5301.1133	
600	29006.0	5480.284	1.0	1.0	8672.0	2395.6846	1.0	1.0	19920.0	5307.7686	
601	28940.0	5467.1743	1.0	1.0	8710.0	2403.222	1.0	1.0	19948.0	5313.34	
602	28872.0	5454.6475	1.0	1.0	8750.0	2410.5244	1.0	1.0	19976.0	5318.5635	
603	28811.0	5443.0107	1.0	1.0	8777.0	2415.7307	1.0	1.0	20010.0	5324.996	
604	28756.0	5432.6763	1.0	1.0	8809.0	2421.4856	1.0	1.0	20033.0	5329.5757	
605	28689.0	5420.3853	1.0	1.0	8847.0	2427.868	1.0	1.0	20062.0	5335.4883	
606	28630.0	5408.8936	1.0	1.0	8885.0	2434.617	1.0	1.0	20083.0	5340.2324	
607	28570.0	5396.0386	1.0	1.0	8913.0	2441.035	1.0	1.0	20115.0	5346.6724	
608	28521.0	5384.8413	1.0	1.0	8941.0	2447.3608	1.0	1.0	20136.0	5351.5425	
609	28470.0	5372.7236	1.0	1.0	8971.0	2454.6528	1.0	1.0	20157.0	5356.367	
610	28427.0	5363.198	1.0	1.0	8988.0	2458.5464	1.0	1.0	20183.0	5361.9976	
611	28365.0	5349.834	1.0	1.0	9024.0	2466.885	1.0	1.0	20209.0	5367.02	
612	28299.0	5334.8237	1.0	1.0	9059.0	2474.2778	1.0	1.0	20240.0	5374.641	
613	28239.0	5321.511	1.0	1.0	9089.0	2480.8076	1.0	1.0	20270.0	5381.4233	
614	28184.0	5308.9673	1.0	1.0	9114.0	2485.6406	1.0	1.0	20300.0	5389.137	
615	28132.0	5296.2397	1.0	1.0	9128.0	2489.1497	1.0	1.0	20338.0	5398.3555	
616	28078.0	5283.0674	1.0	1.0	9152.0	2493.9382	1.0	1.0	20368.0	5406.7393	
617	28027.0	5271.4053	1.0	1.0	9173.0	2498.5435	1.0	1.0	20398.0	5413.7954	
618	27976.0	5259.082	1.0	1.0	9193.0	2502.721	1.0	1.0	20429.0	5421.94	
619	27921.0	5246.154	1.0	1.0	9216.0	2508.136	1.0	1.0	20461.0	5429.451	
620	27877.0	5235.9346	1.0	1.0	9241.0	2513.297	1.0	1.0	20480.0	5434.5073	
621	27830.0	5225.2188	1.0	1.0	9264.0	2518.8716	1.0	1.0	20504.0	5439.648	
622	27772.0	5212.065	1.0	1.0	9298.0	2526.5706	1.0	1.0	20528.0	5445.1025	
623	27733.0	5204.129	1.0	1.0	9314.0	2529.1208	1.0	1.0	20551.0	5450.489	
624	27686.0	5195.171	1.0	1.0	9334.0	2532.746	1.0	1.0	20578.0	5455.82	
625	27642.0	5186.241	1.0	1.0	9356.0	2536.9165	1.0	1.0	20600.0	5460.5815	
626	27599.0	5176.6396	1.0	1.0	9377.0	2541.277	1.0	1.0	20622.0	5465.8237	
627	27562.0	5167.3203	1.0	1.0	9393.0	2545.9956	1.0	1.0	20643.0	5470.425	
628	27508.0	5156.4697	1.0	1.0	9415.0	2550.2444	1.0	1.0	20675.0	5477.0273	
629	27454.0	5144.6387	1.0	1.0	9432.0	2553.9153	1.0	1.0	20712.0	5485.1885	
630	27405.0	5134.0435	1.0	1.0	9449.0	2557.451	1.0	1.0	20744.0	5492.2456	
631	27359.0	5124.138	1.0	1.0	9477.0	2563.5083	1.0	1.0	20762.0	5496.0933	
632	27300.0	5109.829	1.0	1.0	9503.0	2570.0588	1.0	1.0	20795.0	5503.8506	
633	27257.0	5100.188	1.0	1.0	9522.0	2574.3342	1.0	1.0	20819.0	5509.2163	
634	27219.0	5092.2354	1.0	1.0	9541.0	2578.8672	1.0	1.0	20838.0	5512.637	
635	27176.0	5082.939	1.0	1.0	9557.0	2582.7747	1.0	1.0	20865.0	5518.0273	
636	27131.0	5073.915	1.0	1.0	9574.0	2586.6353	1.0	1.0	20893.0	5523.1904	
637	27073.0	5061.4624	1.0	1.0	9600.0	2592.7927	1.0	1.0	20925.0	5529.488	
638	27030.0	5052.3726	1.0	1.0	9615.0	2596.8428	1.0	1.0	20953.0	5534.528	
639	26987.0	5044.04	1.0	1.0	9633.0	2600.4834	1.0	1.0	20978.0	5539.2163	
640	26933.0	5033.2144	1.0	1.0	9657.0	2605.7986	1.0	1.0	21008.0	5544.7266	
641	26873.0	5021.8223	1.0	1.0	9682.0	2611.4988	1.0	1.0	21043.0	5550.418	
642	26827.0	5011.5605	1.0	1.0	9699.0	2616.8364	1.0	1.0	21072.0	5555.3438	
643	26769.0	4998.012	1.0	1.0	9729.0	2625.7505	1.0	1.0	21100.0	5559.981	
644	26717.0	4984.2744	1.0	1.0	9762.0	2635.8777	1.0	1.0	21119.0	5563.5933	
645	26661.0	4969.543	1.0	1.0	9797.0	2646.6777	1.0	1.0	21140.0	5567.519	
646	26610.0	4958.9233	1.0	1.0	9815.0	2652.0874	1.0	1.0	21173.0	5572.7266	
647	26555.0	4946.808	1.0	1.0	9850.0	2660.7917	1.0	1.0	21193.0	5576.1377	
648	26516.0	4938.2886	1.0	1.0	9864.0	2664.8774	1.0	1.0	21218.0	5580.574	
649	26473.0	4928.332	1.0	1.0	9886.0	2670.6006	1.0	1.0	21239.0	5584.807	
650	26434.0	4919.661	1.0	1.0	9906.0	2675.7456	1.0	1.0	21258.0	5588.3325	
651	26397.0	4912.1914	1.0	1.0	9919.0	2679.2498	1.0	1.0	21282.0	5592.3003	
652	26363.0	4905.2783	1.0	1.0	9928.0	2680.9055	1.0	1.0	21307.0	5597.5557	
653	26322.0	4896.1333	1.0	1.0	9948.0	2686.5134	1.0	1.0	21328.0	5601.0933	
654	26289.0	4889.321	1.0	1.0	9952.0	2687.7703	1.0	1.0	21357.0	5606.6475	
655	26258.0	4882.879	1.0	1.0	9965.0	2690.595	1.0	1.0	21375.0	5610.2637	
656	26228.0	4876.978	1.0	1.0	9971.0	2691.7388	1.0	1.0	21399.0	5615.0215	
657	26194.0	4870.197	1.0	1.0	9979.0	2693.165	1.0	1.0	21425.0	5620.3774	
658	26158.0	4863.3706	1.0	1.0	9990.0	2695.4702	1.0	1.0	21450.0	5624.9	
659	26125.0	4857.0386	1.0	1.0	9999.0	2697.5117	1.0	1.0	21474.0	5629.1914	
660	26090.0	4849.585	1.0	1.0	10011.0	2699.899	1.0	1.0	21497.0	5634.2583	
661	26053.0	4840.7515	1.0	1.0	10022.0	2703.1682	1.0	1.0	21523.0	5639.819	
662	26020.0	4833.6084	1.0	1.0	10037.0	2707.0498	1.0	1.0	21541.0	5643.082	
663	25980.0	4824.734	1.0	1.0	10053.0	2710.3728	1.0	1.0	21565.0	5648.6313	
664	25940.0	4815.7837	1.0	1.0	10071.0	2715.1921	1.0	1.0	21587.0	5652.7593	
665	25912.0	4809.5347	1.0	1.0	10086.0	2718.8967	1.0	1.0	21600.0	5655.3027	
666	25872.0	4801.009	1.0	1.0	10106.0	2723.9004	1.0	1.0	21620.0	5658.826	
667	25829.0	4790.646	1.0	1.0	10119.0	2729.1794	1.0	1.0	21650.0	5663.9116	
668	25792.0	4783.4316	1.0	1.0	10139.0	2733.542	1.0	1.0	21667.0	5666.7617	
669	25743.0	4773.019	1.0	1.0	10162.0	2739.5564	1.0	1.0	21693.0	5671.1597	
670	25707.0	4764.1797	1.0	1.0	10179.0	2744.7668	1.0	1.0	21712.0	5674.791	
671	25683.0	4759.7363	1.0	1.0	10189.0	2746.6328	1.0	1.0	21726.0	5677.3677	
672	25646.0	4751.993	1.0	1.0	10207.0	2750.1826	1.0	1.0	21745.0	5681.561	
673	25613.0	4745.292	1.0	1.0	10218.0	2752.9568	1.0	1.0	21767.0	5685.489	
674	25576.0	4737.1055	1.0	1.0	10228.0	2755.8936	1.0	1.0	21794.0	5690.74	
675	25552.0	4731.317	1.0	1.0	10236.0	2758.4678	1.0	1.0	21810.0	5693.9546	
676	25518.0	4724.441	1.0	1.0	10256.0	2763.3716	1.0	1.0	21824.0	5695.9287	
677	25488.0	4719.7773	1.0	1.0	10268.0	2764.9043	1.0	1.0	21842.0	5699.057	
678	25460.0	4714.6367	1.0	1.0	10285.0	2768.2983	1.0	1.0	21853.0	5700.8037	
679	25420.0	4706.173	1.0	1.0	10305.0	2773.0977	1.0	1.0	21873.0	5704.4688	
680	25394.0	4701.647	1.0	1.0	10315.0	2774.462	1.0	1.0	21889.0	5707.633	
681	25368.0	4696.309	1.0	1.0	10326.0	2776.7773	1.0	1.0	21904.0	5710.6567	
682	25344.0	4692.0425	1.0	1.0	10334.0	2778.0474	1.0	1.0	21920.0	5713.655	
683	25318.0	4686.9927	1.0	1.0	10346.0	2780.435	1.0	1.0	21934.0	5716.3184	
684	25284.0	4679.283	1.0	1.0	10360.0	2785.1814	1.0	1.0	21954.0	5719.2827	
685	25252.0	4673.854	1.0	1.0	10373.0	2787.0808	1.0	1.0	21973.0	5722.8125	
686	25225.0	4669.1567	1.0	1.0	10384.0	2788.77	1.0	1.0	21989.0	5725.8193	
687	25195.0	4661.7974	1.0	1.0	10389.0	2790.5452	1.0	1.0	22014.0	5731.403	
688	25169.0	4656.0405	1.0	1.0	10398.0	2793.3027	1.0	1.0	22031.0	5734.403	
689	25143.0	4649.7026	1.0	1.0	10413.0	2797.7463	1.0	1.0	22042.0	5736.2983	
690	25100.0	4639.523	1.0	1.0	10431.0	2803.6902	1.0	1.0	22067.0	5740.5347	
691	25065.0	4632.279	1.0	1.0	10440.0	2805.6572	1.0	1.0	22093.0	5745.8125	
692	25032.0	4624.935	1.0	1.0	10451.0	2808.691	1.0	1.0	22115.0	5750.123	
693	25003.0	4619.821	1.0	1.0	10454.0	2809.9631	1.0	1.0	22141.0	5753.966	
694	24978.0	4615.428	1.0	1.0	10456.0	2810.5789	1.0	1.0	22164.0	5757.743	
695	24945.0	4608.1323	1.0	1.0	10467.0	2813.2556	1.0	1.0	22186.0	5762.361	
696	24926.0	4604.3477	1.0	1.0	10470.0	2814.4414	1.0	1.0	22202.0	5764.959	
697	24903.0	4599.1895	1.0	1.0	10475.0	2815.907	1.0	1.0	22220.0	5768.6514	
698	24880.0	4592.9775	1.0	1.0	10484.0	2819.0337	1.0	1.0	22234.0	5771.738	
699	24856.0	4587.551	1.0	1.0	10495.0	2822.162	1.0	1.0	22247.0	5774.036	
700	24828.0	4581.8555	1.0	1.0	10509.0	2825.0515	1.0	1.0	22261.0	5776.8423	
701	24808.0	4577.6064	1.0	1.0	10513.0	2826.1921	1.0	1.0	22277.0	5779.95	
702	24783.0	4573.26	1.0	1.0	10524.0	2828.204	1.0	1.0	22291.0	5782.284	
703	24765.0	4569.8174	1.0	1.0	10526.0	2828.5354	1.0	1.0	22307.0	5785.395	
704	24735.0	4564.7227	1.0	1.0	10535.0	2829.8572	1.0	1.0	22328.0	5789.1665	
705	24718.0	4561.8726	1.0	1.0	10543.0	2830.8977	1.0	1.0	22337.0	5790.9775	
706	24694.0	4558.2427	1.0	1.0	10547.0	2831.6753	1.0	1.0	22357.0	5793.8306	
707	24665.0	4552.316	1.0	1.0	10553.0	2832.8062	1.0	1.0	22380.0	5798.6294	
708	24638.0	4547.6553	1.0	1.0	10563.0	2834.7002	1.0	1.0	22397.0	5801.3955	
709	24598.0	4540.5225	1.0	1.0	10581.0	2837.594	1.0	1.0	22419.0	5805.633	
710	24566.0	4534.827	1.0	1.0	10594.0	2839.9438	1.0	1.0	22438.0	5808.98	
711	24543.0	4530.036	1.0	1.0	10601.0	2840.75	1.0	1.0	22454.0	5812.963	
712	24522.0	4525.49	1.0	1.0	10606.0	2841.9094	1.0	1.0	22470.0	5816.351	
713	24483.0	4517.4204	1.0	1.0	10606.0	2841.634	1.0	1.0	22509.0	5824.696	
714	24454.0	4510.397	1.0	1.0	10610.0	2842.6099	1.0	1.0	22534.0	5830.7466	
715	24434.0	4506.6064	1.0	1.0	10613.0	2842.8064	1.0	1.0	22551.0	5834.342	
716	24414.0	4503.05	1.0	1.0	10619.0	2843.6934	1.0	1.0	22565.0	5837.0107	
717	24389.0	4498.66	1.0	1.0	10617.0	2842.9858	1.0	1.0	22592.0	5842.1094	
718	24370.0	4494.6284	1.0	1.0	10620.0	2843.6963	1.0	1.0	22608.0	5845.43	
719	24345.0	4489.927	1.0	1.0	10622.0	2843.3137	1.0	1.0	22631.0	5850.513	
720	24318.0	4485.059	1.0	1.0	10620.0	2842.1484	1.0	1.0	22660.0	5856.5435	
721	24288.0	4479.304	1.0	1.0	10623.0	2842.1853	1.0	1.0	22687.0	5862.2603	
722	24265.0	4475.077	1.0	1.0	10621.0	2841.0874	1.0	1.0	22712.0	5867.584	
723	24242.0	4470.6177	1.0	1.0	10622.0	2841.057	1.0	1.0	22734.0	5872.074	
724	24228.0	4468.11	1.0	1.0	10616.0	2839.1804	1.0	1.0	22754.0	5876.4595	
725	24204.0	4463.46	1.0	1.0	10618.0	2839.222	1.0	1.0	22776.0	5881.068	
726	24184.0	4460.2266	1.0	1.0	10617.0	2838.4102	1.0	1.0	22797.0	5885.114	
727	24152.0	4454.301	1.0	1.0	10626.0	2839.6597	1.0	1.0	22820.0	5889.789	
728	24131.0	4449.948	1.0	1.0	10626.0	2838.993	1.0	1.0	22841.0	5894.809	
729	24115.0	4446.6387	1.0	1.0	10622.0	2837.9329	1.0	1.0	22861.0	5899.1777	
730	24093.0	4442.658	1.0	1.0	10616.0	2835.383	1.0	1.0	22889.0	5905.71	
731	24069.0	4438.106	1.0	1.0	10615.0	2834.3396	1.0	1.0	22914.0	5911.308	
732	24052.0	4434.7827	1.0	1.0	10613.0	2833.0747	1.0	1.0	22933.0	5915.8975	
733	24025.0	4429.6147	1.0	1.0	10610.0	2831.86	1.0	1.0	22963.0	5922.28	
734	23996.0	4424.153	1.0	1.0	10609.0	2830.9233	1.0	1.0	22993.0	5928.6787	
735	23967.0	4418.417	1.0	1.0	10605.0	2828.9966	1.0	1.0	23026.0	5936.341	
736	23947.0	4415.4136	1.0	1.0	10603.0	2827.6724	1.0	1.0	23048.0	5940.6694	
737	23927.0	4411.7886	1.0	1.0	10602.0	2826.1213	1.0	1.0	23069.0	5945.846	
738	23888.0	4403.8276	1.0	1.0	10608.0	2826.6567	1.0	1.0	23102.0	5953.271	
739	23868.0	4400.3784	1.0	1.0	10612.0	2826.343	1.0	1.0	23118.0	5957.0327	
740	23846.0	4396.4487	1.0	1.0	10607.0	2824.7659	1.0	1.0	23145.0	5962.541	
741	23817.0	4391.494	1.0	1.0	10609.0	2824.7827	1.0	1.0	23172.0	5967.4785	
742	23796.0	4388.4204	1.0	1.0	10601.0	2822.0195	1.0	1.0	23201.0	5973.3164	
743	23767.0	4382.051	1.0	1.0	10604.0	2821.2686	1.0	1.0	23227.0	5980.437	
744	23743.0	4377.7134	1.0	1.0	10603.0	2820.2922	1.0	1.0	23252.0	5985.7495	
745	23716.0	4372.4463	1.0	1.0	10605.0	2820.3406	1.0	1.0	23277.0	5990.9688	
746	23702.0	4369.8535	1.0	1.0	10603.0	2818.5603	1.0	1.0	23293.0	5995.3423	
747	23673.0	4364.6675	1.0	1.0	10603.0	2817.7595	1.0	1.0	23322.0	6001.327	
748	23652.0	4360.9673	1.0	1.0	10601.0	2817.1582	1.0	1.0	23345.0	6005.6294	
749	23636.0	4357.8896	1.0	1.0	10593.0	2815.798	1.0	1.0	23369.0	6010.0674	
750	23614.0	4353.953	1.0	1.0	10588.0	2814.3345	1.0	1.0	23396.0	6015.467	
751	23592.0	4350.13	1.0	1.0	10589.0	2814.0273	1.0	1.0	23417.0	6019.5957	
752	23561.0	4344.077	1.0	1.0	10590.0	2813.2021	1.0	1.0	23447.0	6026.47	
753	23533.0	4339.8555	1.0	1.0	10597.0	2814.147	1.0	1.0	23468.0	6029.748	
754	23504.0	4334.718	1.0	1.0	10603.0	2814.8306	1.0	1.0	23491.0	6034.202	
755	23486.0	4330.7407	1.0	1.0	10599.0	2813.8328	1.0	1.0	23513.0	6039.1763	
756	23457.0	4325.6562	1.0	1.0	10602.0	2814.338	1.0	1.0	23539.0	6043.7554	
757	23435.0	4321.1094	1.0	1.0	10603.0	2814.6106	1.0	1.0	23560.0	6048.0273	
758	23409.0	4317.126	1.0	1.0	10601.0	2814.1277	1.0	1.0	23588.0	6052.494	
759	23383.0	4313.2017	1.0	1.0	10596.0	2812.8489	1.0	1.0	23619.0	6057.6973	
760	23359.0	4308.75	1.0	1.0	10590.0	2811.3196	1.0	1.0	23649.0	6063.677	
761	23331.0	4302.7026	1.0	1.0	10590.0	2811.1123	1.0	1.0	23677.0	6069.9316	
762	23310.0	4298.774	1.0	1.0	10593.0	2811.1086	1.0	1.0	23695.0	6073.863	
763	23290.0	4294.4375	1.0	1.0	10591.0	2810.6355	1.0	1.0	23717.0	6078.672	
764	23266.0	4289.5073	1.0	1.0	10587.0	2808.801	1.0	1.0	23745.0	6085.437	
765	23240.0	4285.2163	1.0	1.0	10586.0	2807.8489	1.0	1.0	23772.0	6090.6807	
766	23219.0	4281.034	1.0	1.0	10582.0	2806.5798	1.0	1.0	23797.0	6096.133	
767	23203.0	4277.752	1.0	1.0	10580.0	2806.023	1.0	1.0	23815.0	6099.97	
768	23180.0	4273.6807	1.0	1.0	10573.0	2804.0112	1.0	1.0	23845.0	6106.0522	
769	23160.0	4269.532	1.0	1.0	10573.0	2803.9429	1.0	1.0	23865.0	6110.2695	
770	23139.0	4266.351	1.0	1.0	10568.0	2802.8164	1.0	1.0	23891.0	6114.5767	
771	23108.0	4260.227	1.0	1.0	10564.0	2801.5278	1.0	1.0	23926.0	6121.985	
772	23092.0	4257.12	1.0	1.0	10556.0	2799.4373	1.0	1.0	23950.0	6127.1826	
773	23075.0	4253.557	1.0	1.0	10547.0	2797.23	1.0	1.0	23976.0	6132.9526	
774	23056.0	4250.1206	1.0	1.0	10542.0	2795.52	1.0	1.0	24000.0	6138.0967	
775	23029.0	4245.135	1.0	1.0	10545.0	2794.9436	1.0	1.0	24024.0	6143.658	
776	23006.0	4240.8926	1.0	1.0	10550.0	2795.5054	1.0	1.0	24042.0	6147.3394	
777	22980.0	4235.6416	1.0	1.0	10551.0	2795.6692	1.0	1.0	24067.0	6152.4272	
778	22958.0	4231.4956	1.0	1.0	10551.0	2795.4119	1.0	1.0	24089.0	6156.831	
779	22938.0	4227.9033	1.0	1.0	10549.0	2794.7476	1.0	1.0	24111.0	6161.0874	
780	22919.0	4224.916	1.0	1.0	10547.0	2793.6665	1.0	1.0	24132.0	6165.1553	
781	22900.0	4221.1196	1.0	1.0	10546.0	2792.3813	1.0	1.0	24152.0	6170.2363	
782	22871.0	4216.0015	1.0	1.0	10545.0	2791.8018	1.0	1.0	24182.0	6175.9326	
783	22849.0	4212.474	1.0	1.0	10547.0	2791.5566	1.0	1.0	24202.0	6179.705	
784	22823.0	4208.1885	1.0	1.0	10550.0	2791.2292	1.0	1.0	24225.0	6184.3193	
785	22798.0	4203.5645	1.0	1.0	10546.0	2789.0125	1.0	1.0	24254.0	6191.159	
786	22776.0	4199.029	1.0	1.0	10543.0	2787.3838	1.0	1.0	24279.0	6197.3257	
787	22752.0	4194.4136	1.0	1.0	10543.0	2786.9226	1.0	1.0	24303.0	6202.402	
788	22722.0	4187.76	1.0	1.0	10544.0	2787.7993	1.0	1.0	24332.0	6208.179	
789	22705.0	4184.4395	1.0	1.0	10542.0	2786.6438	1.0	1.0	24351.0	6212.655	
790	22676.0	4178.2363	1.0	1.0	10547.0	2787.8254	1.0	1.0	24375.0	6217.677	
791	22652.0	4174.1445	1.0	1.0	10549.0	2787.5176	1.0	1.0	24397.0	6222.0767	
792	22627.0	4168.8833	1.0	1.0	10549.0	2787.417	1.0	1.0	24422.0	6227.4395	
793	22607.0	4164.1367	1.0	1.0	10544.0	2786.306	1.0	1.0	24447.0	6233.297	
794	22590.0	4161.3496	1.0	1.0	10539.0	2784.5037	1.0	1.0	24469.0	6237.8867	
795	22567.0	4157.2314	1.0	1.0	10540.0	2784.6746	1.0	1.0	24491.0	6241.8335	
796	22547.0	4154.2915	1.0	1.0	10536.0	2783.1187	1.0	1.0	24515.0	6246.3306	
797	22523.0	4150.0483	1.0	1.0	10529.0	2780.1252	1.0	1.0	24546.0	6253.568	
798	22496.0	4144.9453	1.0	1.0	10530.0	2780.1553	1.0	1.0	24572.0	6258.6426	
799	22478.0	4141.954	1.0	1.0	10528.0	2778.6355	1.0	1.0	24592.0	6263.152	
800	22460.0	4138.2544	1.0	1.0	10522.0	2776.3164	1.0	1.0	24616.0	6269.172	
801	22441.0	4134.5405	1.0	1.0	10518.0	2775.4558	1.0	1.0	24639.0	6273.745	
802	22406.0	4127.2715	1.0	1.0	10516.0	2774.8877	1.0	1.0	24676.0	6281.582	
803	22382.0	4122.6577	1.0	1.0	10511.0	2772.501	1.0	1.0	24705.0	6288.58	
804	22364.0	4119.4326	1.0	1.0	10505.0	2770.3555	1.0	1.0	24729.0	6293.9517	
805	22342.0	4114.9336	1.0	1.0	10498.0	2768.6584	1.0	1.0	24758.0	6300.1475	
806	22329.0	4113.017	1.0	1.0	10487.0	2765.1704	1.0	1.0	24782.0	6305.552	
807	22306.0	4108.2686	1.0	1.0	10485.0	2764.7302	1.0	1.0	24807.0	6310.744	
808	22291.0	4105.391	1.0	1.0	10477.0	2762.5461	1.0	1.0	24830.0	6315.8047	
809	22267.0	4100.4673	1.0	1.0	10467.0	2759.9429	1.0	1.0	24864.0	6323.3315	
810	22249.0	4097.156	1.0	1.0	10454.0	2757.208	1.0	1.0	24895.0	6329.3774	
811	22237.0	4095.307	1.0	1.0	10442.0	2754.323	1.0	1.0	24919.0	6334.1113	
812	22218.0	4090.6982	1.0	1.0	10436.0	2752.9045	1.0	1.0	24944.0	6340.1387	
813	22192.0	4085.8223	1.0	1.0	10436.0	2752.57	1.0	1.0	24970.0	6345.3477	
814	22171.0	4081.7456	1.0	1.0	10435.0	2751.5823	1.0	1.0	24992.0	6350.4126	
815	22143.0	4077.1724	1.0	1.0	10433.0	2750.044	1.0	1.0	25022.0	6356.523	
816	22124.0	4073.2842	1.0	1.0	10433.0	2749.5713	1.0	1.0	25041.0	6360.8843	
817	22101.0	4068.2742	1.0	1.0	10425.0	2745.986	1.0	1.0	25072.0	6369.4805	
818	22072.0	4061.7705	1.0	1.0	10426.0	2746.0059	1.0	1.0	25100.0	6375.9634	
819	22053.0	4058.242	1.0	1.0	10419.0	2743.2166	1.0	1.0	25126.0	6382.2817	
820	22034.0	4055.1814	1.0	1.0	10414.0	2741.239	1.0	1.0	25150.0	6387.319	
821	22009.0	4050.9653	1.0	1.0	10415.0	2739.969	1.0	1.0	25174.0	6392.805	
822	21995.0	4048.1833	1.0	1.0	10406.0	2737.1926	1.0	1.0	25197.0	6398.3647	
823	21973.0	4043.9316	1.0	1.0	10399.0	2735.2253	1.0	1.0	25226.0	6404.5806	
824	21958.0	4041.4878	1.0	1.0	10390.0	2731.8345	1.0	1.0	25250.0	6410.415	
825	21934.0	4037.7017	1.0	1.0	10389.0	2729.8823	1.0	1.0	25275.0	6416.1514	
826	21909.0	4032.6384	1.0	1.0	10379.0	2726.5156	1.0	1.0	25310.0	6424.581	
827	21892.0	4029.559	1.0	1.0	10371.0	2723.4292	1.0	1.0	25335.0	6430.747	
828	21873.0	4027.0732	1.0	1.0	10358.0	2719.438	1.0	1.0	25367.0	6437.223	
829	21854.0	4023.4863	1.0	1.0	10353.0	2717.4756	1.0	1.0	25391.0	6442.772	
830	21834.0	4020.5002	1.0	1.0	10347.0	2714.9958	1.0	1.0	25417.0	6448.236	
831	21810.0	4015.6978	1.0	1.0	10339.0	2712.2178	1.0	1.0	25449.0	6455.8164	
832	21790.0	4012.2542	1.0	1.0	10326.0	2706.9824	1.0	1.0	25482.0	6464.493	
833	21764.0	4007.3801	1.0	1.0	10313.0	2701.6995	1.0	1.0	25521.0	6474.6504	
834	21745.0	4004.015	1.0	1.0	10294.0	2695.1807	1.0	1.0	25559.0	6484.5356	
835	21717.0	3998.3662	1.0	1.0	10280.0	2690.532	1.0	1.0	25601.0	6494.831	
836	21690.0	3993.7402	1.0	1.0	10269.0	2685.0535	1.0	1.0	25639.0	6504.934	
837	21667.0	3990.047	1.0	1.0	10249.0	2677.813	1.0	1.0	25682.0	6515.8706	
838	21640.0	3984.7861	1.0	1.0	10227.0	2670.7888	1.0	1.0	25731.0	6528.1562	
839	21614.0	3981.2043	1.0	1.0	10212.0	2664.8208	1.0	1.0	25772.0	6537.7046	
840	21594.0	3978.136	1.0	1.0	10188.0	2657.0068	1.0	1.0	25816.0	6548.585	
841	21582.0	3976.0168	1.0	1.0	10165.0	2650.5576	1.0	1.0	25851.0	6557.1523	
842	21554.0	3970.4932	1.0	1.0	10150.0	2646.6685	1.0	1.0	25894.0	6566.563	
843	21531.0	3966.4446	1.0	1.0	10131.0	2641.505	1.0	1.0	25936.0	6575.776	
844	21515.0	3963.8806	1.0	1.0	10108.0	2635.1238	1.0	1.0	25975.0	6584.7207	
845	21499.0	3960.9368	1.0	1.0	10091.0	2629.8962	1.0	1.0	26008.0	6592.892	
846	21480.0	3957.795	1.0	1.0	10070.0	2625.0598	1.0	1.0	26048.0	6600.8706	
847	21460.0	3955.063	1.0	1.0	10039.0	2616.8645	1.0	1.0	26099.0	6611.7993	
848	21435.0	3950.454	1.0	1.0	10014.0	2609.9949	1.0	1.0	26149.0	6623.2793	
849	21413.0	3946.419	1.0	1.0	9992.0	2605.274	1.0	1.0	26193.0	6632.033	
850	21386.0	3942.168	1.0	1.0	9970.0	2599.6228	1.0	1.0	26242.0	6641.937	
851	21361.0	3938.4429	1.0	1.0	9947.0	2595.181	1.0	1.0	26290.0	6650.1035	
852	21338.0	3934.0503	1.0	1.0	9930.0	2591.236	1.0	1.0	26330.0	6658.4414	
853	21327.0	3932.1865	1.0	1.0	9909.0	2587.2808	1.0	1.0	26362.0	6664.261	
854	21307.0	3929.4211	1.0	1.0	9900.0	2585.5981	1.0	1.0	26391.0	6668.7095	
855	21289.0	3926.1863	1.0	1.0	9884.0	2582.278	1.0	1.0	26425.0	6675.264	
856	21275.0	3922.8914	1.0	1.0	9862.0	2577.3237	1.0	1.0	26461.0	6683.5127	
857	21252.0	3918.2524	1.0	1.0	9844.0	2572.7485	1.0	1.0	26502.0	6692.7256	
858	21226.0	3913.2383	1.0	1.0	9828.0	2568.2708	1.0	1.0	26544.0	6702.2173	
859	21195.0	3907.5215	1.0	1.0	9806.0	2562.6409	1.0	1.0	26597.0	6713.5605	
860	21175.0	3903.4045	1.0	1.0	9786.0	2557.7334	1.0	1.0	26637.0	6722.5854	
861	21150.0	3899.0898	1.0	1.0	9769.0	2552.9988	1.0	1.0	26679.0	6731.637	
862	21124.0	3894.056	1.0	1.0	9752.0	2548.7534	1.0	1.0	26722.0	6740.918	
863	21108.0	3890.9197	1.0	1.0	9736.0	2544.4055	1.0	1.0	26754.0	6748.4033	
864	21080.0	3886.0632	1.0	1.0	9724.0	2541.3318	1.0	1.0	26794.0	6756.333	
865	21062.0	3882.807	1.0	1.0	9704.0	2536.6895	1.0	1.0	26832.0	6764.231	
866	21044.0	3879.2158	1.0	1.0	9680.0	2530.3245	1.0	1.0	26874.0	6774.188	
867	21024.0	3875.0881	1.0	1.0	9655.0	2524.0132	1.0	1.0	26919.0	6784.626	
868	20999.0	3870.5532	1.0	1.0	9634.0	2518.6736	1.0	1.0	26965.0	6794.4995	
869	20981.0	3867.4834	1.0	1.0	9610.0	2512.2559	1.0	1.0	27007.0	6803.986	
870	20963.0	3863.6687	1.0	1.0	9579.0	2503.2524	1.0	1.0	27056.0	6816.8037	
871	20943.0	3859.1125	1.0	1.0	9541.0	2494.1829	1.0	1.0	27114.0	6830.4307	
872	20928.0	3856.9072	1.0	1.0	9499.0	2481.222	1.0	1.0	27171.0	6845.5986	
873	20902.0	3852.4116	1.0	1.0	9460.0	2471.7585	1.0	1.0	27236.0	6859.5557	
874	20885.0	3849.7053	1.0	1.0	9416.0	2459.4368	1.0	1.0	27297.0	6874.584	
875	20868.0	3846.1492	1.0	1.0	9365.0	2445.3152	1.0	1.0	27365.0	6892.263	
876	20843.0	3841.3372	1.0	1.0	9320.0	2433.1897	1.0	1.0	27435.0	6909.2026	
877	20831.0	3839.071	1.0	1.0	9270.0	2419.743	1.0	1.0	27497.0	6924.918	
878	20812.0	3835.565	1.0	1.0	9228.0	2407.4453	1.0	1.0	27558.0	6940.7188	
879	20791.0	3831.9443	1.0	1.0	9168.0	2391.5066	1.0	1.0	27639.0	6960.278	
880	20778.0	3829.1086	1.0	1.0	9107.0	2376.3416	1.0	1.0	27713.0	6978.28	
881	20756.0	3824.1077	1.0	1.0	9056.0	2364.511	1.0	1.0	27786.0	6995.1123	
882	20738.0	3821.287	1.0	1.0	8998.0	2349.727	1.0	1.0	27862.0	7012.7173	
883	20720.0	3818.673	1.0	1.0	8943.0	2335.4744	1.0	1.0	27935.0	7029.582	
884	20700.0	3816.0754	1.0	1.0	8894.0	2321.9495	1.0	1.0	28004.0	7045.704	
885	20685.0	3812.9175	1.0	1.0	8828.0	2306.3389	1.0	1.0	28085.0	7064.475	
886	20668.0	3809.5005	1.0	1.0	8768.0	2292.2886	1.0	1.0	28162.0	7081.944	
887	20653.0	3806.5513	1.0	1.0	8717.0	2280.559	1.0	1.0	28228.0	7096.6245	
888	20631.0	3801.9465	1.0	1.0	8663.0	2268.9563	1.0	1.0	28304.0	7112.831	
889	20616.0	3799.3245	1.0	1.0	8608.0	2257.767	1.0	1.0	28374.0	7126.6426	
890	20598.0	3795.5908	1.0	1.0	8560.0	2246.8809	1.0	1.0	28440.0	7141.2617	
891	20576.0	3791.4736	1.0	1.0	8495.0	2232.209	1.0	1.0	28527.0	7160.049	
892	20558.0	3789.3198	1.0	1.0	8438.0	2217.8865	1.0	1.0	28602.0	7176.5264	
893	20530.0	3784.715	1.0	1.0	8396.0	2207.481	1.0	1.0	28672.0	7191.5356	
894	20509.0	3779.9075	1.0	1.0	8356.0	2199.7568	1.0	1.0	28733.0	7204.0664	
895	20487.0	3776.1436	1.0	1.0	8317.0	2189.317	1.0	1.0	28794.0	7218.2715	
896	20462.0	3770.5374	1.0	1.0	8268.0	2177.685	1.0	1.0	28868.0	7235.508	
897	20440.0	3766.764	1.0	1.0	8238.0	2171.3792	1.0	1.0	28920.0	7245.5864	
898	20415.0	3761.8665	1.0	1.0	8192.0	2163.3264	1.0	1.0	28991.0	7258.5312	
899	20395.0	3759.1548	1.0	1.0	8144.0	2151.0974	1.0	1.0	29059.0	7273.4727	
900	20374.0	3755.021	1.0	1.0	8105.0	2142.7585	1.0	1.0	29119.0	7285.944	
901	20363.0	3751.9402	1.0	1.0	8050.0	2132.5625	1.0	1.0	29185.0	7299.2197	
902	20341.0	3747.568	1.0	1.0	8012.0	2124.8103	1.0	1.0	29245.0	7311.345	
903	20318.0	3743.6152	1.0	1.0	7973.0	2115.8086	1.0	1.0	29307.0	7324.3013	
904	20296.0	3739.8088	1.0	1.0	7917.0	2103.8062	1.0	1.0	29385.0	7340.1104	
905	20277.0	3735.7913	1.0	1.0	7862.0	2092.9597	1.0	1.0	29459.0	7354.974	
906	20262.0	3733.5881	1.0	1.0	7817.0	2084.6394	1.0	1.0	29519.0	7365.499	
907	20242.0	3730.0637	1.0	1.0	7771.0	2073.5344	1.0	1.0	29585.0	7380.1284	
908	20220.0	3725.204	1.0	1.0	7709.0	2058.9197	1.0	1.0	29669.0	7399.605	
909	20199.0	3721.1255	1.0	1.0	7652.0	2044.9021	1.0	1.0	29747.0	7417.6987	
910	20183.0	3717.561	1.0	1.0	7601.0	2032.7643	1.0	1.0	29814.0	7433.4	
911	20163.0	3714.1868	1.0	1.0	7529.0	2015.6976	1.0	1.0	29906.0	7453.839	
912	20153.0	3712.0884	1.0	1.0	7462.0	1999.8583	1.0	1.0	29983.0	7471.7783	
913	20132.0	3708.086	1.0	1.0	7404.0	1986.6486	1.0	1.0	30062.0	7488.9917	
914	20112.0	3704.7544	1.0	1.0	7330.0	1968.4214	1.0	1.0	30156.0	7510.5503	
915	20094.0	3701.2864	1.0	1.0	7262.0	1950.7151	1.0	1.0	30242.0	7531.724	
916	20078.0	3699.3884	1.0	1.0	7182.0	1928.1514	1.0	1.0	30338.0	7556.189	
917	20066.0	3696.862	1.0	1.0	7101.0	1905.9906	1.0	1.0	30431.0	7580.8765	
918	20047.0	3693.3276	1.0	1.0	7029.0	1887.0337	1.0	1.0	30522.0	7603.3706	
919	20027.0	3690.1223	1.0	1.0	6956.0	1865.6371	1.0	1.0	30615.0	7627.9746	
920	20005.0	3685.5747	1.0	1.0	6895.0	1848.3546	1.0	1.0	30698.0	7649.807	
921	19984.0	3682.1313	1.0	1.0	6823.0	1829.1765	1.0	1.0	30791.0	7672.4316	
922	19974.0	3680.548	1.0	1.0	6745.0	1807.3154	1.0	1.0	30879.0	7695.8735	
923	19948.0	3675.3164	1.0	1.0	6666.0	1785.087	1.0	1.0	30984.0	7723.3325	
924	19927.0	3670.5735	1.0	1.0	6598.0	1766.0575	1.0	1.0	31073.0	7747.107	
925	19912.0	3668.158	1.0	1.0	6522.0	1744.6239	1.0	1.0	31164.0	7770.959	
926	19890.0	3664.1858	1.0	1.0	6442.0	1722.7897	1.0	1.0	31266.0	7796.763	
927	19874.0	3660.9602	1.0	1.0	6361.0	1701.1608	1.0	1.0	31363.0	7821.616	
928	19849.0	3657.3145	1.0	1.0	6281.0	1679.0189	1.0	1.0	31468.0	7847.4053	
929	19842.0	3657.1677	1.0	1.0	6179.0	1648.9452	1.0	1.0	31577.0	7877.626	
930	19823.0	3652.858	1.0	1.0	6087.0	1622.4655	1.0	1.0	31688.0	7908.416	
931	19801.0	3649.3108	1.0	1.0	5997.0	1596.1453	1.0	1.0	31800.0	7938.2812	
932	19790.0	3647.2642	1.0	1.0	5887.0	1565.7401	1.0	1.0	31921.0	7970.733	
933	19773.0	3644.0815	1.0	1.0	5783.0	1534.5071	1.0	1.0	32042.0	8005.149	
934	19757.0	3640.7466	1.0	1.0	5686.0	1504.1572	1.0	1.0	32155.0	8038.834	
935	19737.0	3636.92	1.0	1.0	5584.0	1474.5868	1.0	1.0	32277.0	8072.2324	
936	19727.0	3635.664	1.0	1.0	5474.0	1444.3701	1.0	1.0	32397.0	8103.7065	
937	19710.0	3632.315	1.0	1.0	5359.0	1409.5405	1.0	1.0	32529.0	8141.8877	
938	19697.0	3630.1553	1.0	1.0	5253.0	1375.996	1.0	1.0	32648.0	8177.591	
939	19678.0	3625.51	1.0	1.0	5143.0	1343.238	1.0	1.0	32777.0	8214.997	
940	19663.0	3622.9688	1.0	1.0	5033.0	1308.2705	1.0	1.0	32902.0	8252.504	
941	19642.0	3619.2585	1.0	1.0	4917.0	1276.5872	1.0	1.0	33039.0	8287.887	
942	19628.0	3616.7786	1.0	1.0	4826.0	1253.1782	1.0	1.0	33144.0	8313.781	
943	19610.0	3614.3958	1.0	1.0	4736.0	1229.0048	1.0	1.0	33252.0	8340.333	
944	19593.0	3610.4553	1.0	1.0	4635.0	1202.8237	1.0	1.0	33370.0	8370.458	
945	19581.0	3608.033	1.0	1.0	4533.0	1174.5149	1.0	1.0	33484.0	8401.189	
946	19561.0	3603.8987	1.0	1.0	4424.0	1145.7039	1.0	1.0	33613.0	8434.136	
947	19545.0	3601.7842	1.0	1.0	4320.0	1117.4353	1.0	1.0	33733.0	8464.519	
948	19532.0	3600.1807	1.0	1.0	4190.0	1079.9938	1.0	1.0	33876.0	8503.5625	
949	19521.0	3598.8057	1.0	1.0	4083.0	1051.0675	1.0	1.0	33994.0	8533.857	
950	19498.0	3593.4136	1.0	1.0	3982.0	1024.3867	1.0	1.0	34118.0	8565.92	
951	19481.0	3589.6936	1.0	1.0	3876.0	999.80383	1.0	1.0	34241.0	8594.224	
952	19469.0	3587.9067	1.0	1.0	3758.0	969.55133	1.0	1.0	34371.0	8626.267	
953	19453.0	3586.3105	1.0	1.0	3641.0	942.44464	1.0	1.0	34504.0	8654.97	
954	19440.0	3584.399	1.0	1.0	3524.0	914.1236	1.0	1.0	34634.0	8685.205	
955	19428.0	3582.2856	1.0	1.0	3417.0	889.307	1.0	1.0	34753.0	8712.132	
956	19402.0	3576.0688	1.0	1.0	3336.0	871.54614	1.0	1.0	34860.0	8736.107	
957	19385.0	3573.6223	1.0	1.0	3250.0	851.3429	1.0	1.0	34963.0	8758.754	
958	19368.0	3569.5972	1.0	1.0	3176.0	834.77893	1.0	1.0	35054.0	8779.345	
959	19348.0	3564.2253	1.0	1.0	3090.0	815.4794	1.0	1.0	35160.0	8804.0205	
960	19334.0	3561.0264	1.0	1.0	2993.0	790.82477	1.0	1.0	35271.0	8831.872	
961	19314.0	3557.278	1.0	1.0	2913.0	770.3403	1.0	1.0	35371.0	8856.103	
962	19302.0	3555.6511	1.0	1.0	2798.0	742.28754	1.0	1.0	35498.0	8885.784	
963	19280.0	3551.7957	1.0	1.0	2695.0	714.61993	1.0	1.0	35623.0	8917.312	
964	19270.0	3550.2734	1.0	1.0	2596.0	689.0715	1.0	1.0	35732.0	8944.381	
965	19254.0	3546.9224	1.0	1.0	2498.0	660.87494	1.0	1.0	35846.0	8975.926	
966	19237.0	3542.8176	1.0	1.0	2400.0	635.06024	1.0	1.0	35961.0	9005.841	
967	19224.0	3540.9465	1.0	1.0	2297.0	604.6327	1.0	1.0	36077.0	9038.134	
968	19208.0	3538.2808	1.0	1.0	2185.0	571.3328	1.0	1.0	36205.0	9074.1045	
969	19199.0	3537.7625	1.0	1.0	2076.0	542.2021	1.0	1.0	36323.0	9103.756	
970	19188.0	3535.719	1.0	1.0	1978.0	515.90344	1.0	1.0	36432.0	9132.091	
971	19174.0	3531.825	1.0	1.0	1878.0	490.5062	1.0	1.0	36546.0	9161.385	
972	19156.0	3529.7344	1.0	1.0	1779.0	462.23325	1.0	1.0	36663.0	9191.752	
973	19150.0	3528.4658	1.0	1.0	1670.0	432.81244	1.0	1.0	36778.0	9222.443	
974	19144.0	3528.8284	1.0	1.0	1569.0	401.01495	1.0	1.0	36885.0	9253.873	
975	19122.0	3524.756	1.0	1.0	1481.0	376.9045	1.0	1.0	36995.0	9282.056	
976	19093.0	3520.2114	1.0	1.0	1394.0	351.95532	1.0	1.0	37111.0	9311.548	
977	19078.0	3516.6929	1.0	1.0	1298.0	323.97614	1.0	1.0	37222.0	9343.049	
978	19066.0	3515.194	1.0	1.0	1204.0	298.25003	1.0	1.0	37328.0	9370.278	
979	19056.0	3513.2927	1.0	1.0	1118.0	273.05634	1.0	1.0	37424.0	9397.369	
980	19039.0	3509.779	1.0	1.0	1035.0	250.29303	1.0	1.0	37524.0	9423.6455	
981	19036.0	3509.8545	1.0	1.0	946.0	227.55719	1.0	1.0	37616.0	9446.303	
982	19020.0	3506.709	1.0	1.0	842.0	202.09824	1.0	1.0	37736.0	9474.907	
983	19000.0	3503.0596	1.0	1.0	774.0	185.285	1.0	1.0	37824.0	9495.37	
984	18992.0	3502.078	1.0	1.0	674.0	159.15959	1.0	1.0	37932.0	9522.477	
985	18969.0	3498.472	1.0	1.0	601.0	141.18729	1.0	1.0	38028.0	9544.061	
986	18957.0	3496.6816	1.0	1.0	528.0	120.733574	1.0	1.0	38113.0	9566.303	
987	18930.0	3492.9893	1.0	1.0	467.0	104.19853	1.0	1.0	38201.0	9586.529	
988	18912.0	3488.5493	1.0	1.0	407.0	88.71143	1.0	1.0	38279.0	9606.455	
989	18907.0	3487.9443	1.0	1.0	335.0	67.92976	1.0	1.0	38356.0	9627.845	
990	18877.0	3480.2256	1.0	1.0	290.0	56.354298	1.0	1.0	38431.0	9647.138	
991	18865.0	3478.2112	1.0	1.0	244.0	45.562454	1.0	1.0	38489.0	9659.941	
992	18849.0	3475.4382	1.0	1.0	201.0	36.685986	1.0	1.0	38548.0	9671.592	
993	18822.0	3471.2456	1.0	1.0	173.0	30.842192	1.0	1.0	38603.0	9681.629	
994	18802.0	3467.4326	1.0	1.0	146.0	25.359701	1.0	1.0	38650.0	9690.922	
995	18793.0	3465.9219	1.0	1.0	120.0	20.101734	1.0	1.0	38685.0	9697.692	
996	18780.0	3464.209	1.0	1.0	98.0	16.434647	1.0	1.0	38720.0	9703.072	
997	18756.0	3459.7039	1.0	1.0	80.0	13.624741	1.0	1.0	38762.0	9710.384	
998	18737.0	3455.1694	1.0	1.0	57.0	9.54081	1.0	1.0	38804.0	9719.001	
999	18710.0	3450.106	1.0	1.0	37.0	6.0954905	1.0	1.0	38851.0	9727.506	
1000	18698.0	3447.371	1.0	1.0	25.0	4.7444077	1.0	1.0	38875.0	9731.594	
1001	18679.0	3443.4695	1.0	1.0	17.0	3.701288	1.0	1.0	38902.0	9736.538	
1002	18663.0	3441.449	1.0	1.0	13.0	2.6578662	1.0	1.0	38922.0	9739.601	
1003	18653.0	3439.0508	1.0	1.0	11.0	2.5408168	1.0	1.0	38934.0	9742.115	
1004	18637.0	3436.0264	1.0	1.0	9.0	2.1320791	1.0	1.0	38952.0	9745.549	
1005	18609.0	3430.8186	1.0	1.0	9.0	2.1320791	1.0	1.0	38980.0	9750.759	
1006	18601.0	3429.7534	1.0	1.0	7.0	1.6393498	1.0	1.0	38990.0	9752.316	
1007	18589.0	3427.4011	1.0	1.0	5.0	1.3745489	1.0	1.0	39004.0	9754.934	
1008	18558.0	3421.8552	1.0	1.0	3.0	1.1418418	1.0	1.0	39037.0	9760.713	
1009	18538.0	3418.007	1.0	1.0	3.0	1.1418418	1.0	1.0	39057.0	9764.561	
1010	18519.0	3414.7168	1.0	1.0	2.0	1.056348	1.0	1.0	39077.0	9767.936	
1011	18499.0	3410.6057	1.0	1.0	2.0	1.056348	1.0	1.0	39097.0	9772.044	
1012	18477.0	3406.1335	1.0	1.0	2.0	1.056348	1.0	1.0	39119.0	9776.518	
1013	18464.0	3403.4685	1.0	1.0	2.0	1.056348	1.0	1.0	39132.0	9779.184	
1014	18440.0	3399.2644	1.0	1.0	2.0	1.056348	1.0	1.0	39156.0	9783.39	
1015	18421.0	3394.4656	1.0	1.0	2.0	1.056348	1.0	1.0	39175.0	9788.188	
1016	18400.0	3390.484	1.0	1.0	2.0	1.056348	1.0	1.0	39196.0	9792.169	
1017	18374.0	3386.0344	1.0	1.0	2.0	1.056348	1.0	1.0	39222.0	9796.619	
1018	18355.0	3382.5635	1.0	1.0	2.0	1.056348	1.0	1.0	39241.0	9800.09	
1019	18325.0	3376.9055	1.0	1.0	2.0	1.056348	1.0	1.0	39271.0	9805.745	
1020	18302.0	3372.0728	1.0	1.0	2.0	1.056348	1.0	1.0	39294.0	9810.576	
1021	18288.0	3369.4692	1.0	1.0	2.0	1.056348	1.0	1.0	39308.0	9813.18	
1022	18261.0	3363.3435	1.0	1.0	2.0	1.056348	1.0	1.0	39335.0	9819.307	
1023	18238.0	3359.1902	1.0	1.0	2.0	1.056348	1.0	1.0	39358.0	9823.459	
1024	18215.0	3354.1367	1.0	1.0	2.0	1.056348	1.0	1.0	39381.0	9828.511	
1025	18191.0	3349.009	1.0	1.0	2.0	1.056348	1.0	1.0	39405.0	9833.636	
1026	18172.0	3344.7969	1.0	1.0	2.0	1.056348	1.0	1.0	39424.0	9837.848	
1027	18148.0	3338.4583	1.0	1.0	2.0	1.056348	1.0	1.0	39448.0	9844.184	
1028	18134.0	3336.1602	1.0	1.0	2.0	1.056348	1.0	1.0	39462.0	9846.482	
1029	18113.0	3332.0544	1.0	1.0	2.0	1.056348	1.0	1.0	39483.0	9850.59	
1030	18101.0	3329.7085	1.0	1.0	2.0	1.056348	1.0	1.0	39495.0	9852.937	
1031	18081.0	3325.6775	1.0	1.0	2.0	1.056348	1.0	1.0	39515.0	9856.966	
1032	18070.0	3323.8125	1.0	1.0	2.0	1.056348	1.0	1.0	39526.0	9858.83	
1033	18049.0	3319.4841	1.0	1.0	2.0	1.056348	1.0	1.0	39547.0	9863.155	
1034	18032.0	3316.238	1.0	1.0	2.0	1.056348	1.0	1.0	39564.0	9866.399	
1035	18008.0	3311.2725	1.0	1.0	2.0	1.056348	1.0	1.0	39588.0	9871.366	
1036	17995.0	3309.1152	1.0	1.0	2.0	1.056348	1.0	1.0	39601.0	9873.522	
1037	17981.0	3305.862	1.0	1.0	2.0	1.056348	1.0	1.0	39615.0	9876.776	
1038	17955.0	3301.5898	1.0	1.0	2.0	1.056348	1.0	1.0	39641.0	9881.05	
1039	17941.0	3299.096	1.0	1.0	2.0	1.056348	1.0	1.0	39655.0	9883.543	
1040	17920.0	3295.3313	1.0	1.0	2.0	1.056348	1.0	1.0	39676.0	9887.306	
1041	17902.0	3292.233	1.0	1.0	2.0	1.056348	1.0	1.0	39694.0	9890.404	
1042	17888.0	3289.7458	1.0	1.0	2.0	1.056348	1.0	1.0	39708.0	9892.89	
1043	17871.0	3286.9287	1.0	1.0	2.0	1.056348	1.0	1.0	39725.0	9895.704	
1044	17855.0	3283.6653	1.0	1.0	2.0	1.056348	1.0	1.0	39741.0	9898.969	
1045	17840.0	3280.717	1.0	1.0	2.0	1.056348	1.0	1.0	39756.0	9901.918	
1046	17827.0	3278.291	1.0	1.0	2.0	1.056348	1.0	1.0	39769.0	9904.347	
1047	17809.0	3274.801	1.0	1.0	2.0	1.056348	1.0	1.0	39787.0	9907.837	
1048	17784.0	3269.8577	1.0	1.0	2.0	1.056348	1.0	1.0	39812.0	9912.78	
1049	17768.0	3265.6848	1.0	1.0	2.0	1.056348	1.0	1.0	39828.0	9916.953	
1050	17746.0	3262.247	1.0	1.0	2.0	1.056348	1.0	1.0	39850.0	9920.391	
1051	17730.0	3259.7588	1.0	1.0	2.0	1.056348	1.0	1.0	39866.0	9922.881	
1052	17715.0	3257.3374	1.0	1.0	2.0	1.056348	1.0	1.0	39881.0	9925.301	
1053	17696.0	3253.809	1.0	1.0	2.0	1.056348	1.0	1.0	39900.0	9928.829	
1054	17674.0	3249.4702	1.0	1.0	2.0	1.056348	1.0	1.0	39922.0	9933.171	
1055	17658.0	3246.0352	1.0	1.0	2.0	1.056348	1.0	1.0	39938.0	9936.608	
1056	17636.0	3241.9028	1.0	1.0	2.0	1.056348	1.0	1.0	39960.0	9940.737	
1057	17616.0	3238.2146	1.0	1.0	2.0	1.056348	1.0	1.0	39980.0	9944.429	
1058	17590.0	3232.106	1.0	1.0	2.0	1.056348	1.0	1.0	40006.0	9950.534	
1059	17575.0	3229.468	1.0	1.0	2.0	1.056348	1.0	1.0	40021.0	9953.172	
1060	17564.0	3227.5234	1.0	1.0	2.0	1.056348	1.0	1.0	40032.0	9955.116	
1061	17553.0	3225.277	1.0	1.0	2.0	1.056348	1.0	1.0	40043.0	9957.363	
1062	17527.0	3221.2864	1.0	1.0	2.0	1.056348	1.0	1.0	40069.0	9961.356	
1063	17518.0	3219.098	1.0	1.0	2.0	1.056348	1.0	1.0	40078.0	9963.544	
1064	17499.0	3214.9822	1.0	1.0	1.0	1.0	1.0	1.0	40098.0	9967.719	
