SIMULATION PARAMETERS:
n = 180
m = 320
k = 1
p = 4
recruit_likeliness = 0.001
defeat_likeliness = 0.001
starting_control = 100
resource_noise_scale = 0.13176157

SIMULATION DATA:
t	NATION -1 SIZE	NATION -1 RESOURCES	NATION 0 SIZE	NATION 0 RESOURCES	NATION 1 SIZE	NATION 1 RESOURCES	NATION 2 SIZE	NATION 2 RESOURCES	NATION 3 SIZE	NATION 3 RESOURCES	
0	0.0	0.0	0.0	0.0	0.0	0.0	0.0	0.0	0.0	0.0	
107	57596.0	13181.852	1.0	1.0	1.0	1.0	1.0	1.0	1.0	1.0	
108	57596.0	13181.852	1.0	1.0	1.0	1.0	1.0	1.0	1.0	1.0	
109	57596.0	13181.852	1.0	1.0	1.0	1.0	1.0	1.0	1.0	1.0	
110	57596.0	13181.852	1.0	1.0	1.0	1.0	1.0	1.0	1.0	1.0	
111	57596.0	13181.852	1.0	1.0	1.0	1.0	1.0	1.0	1.0	1.0	
112	57596.0	13181.852	1.0	1.0	1.0	1.0	1.0	1.0	1.0	1.0	
113	57596.0	13181.852	1.0	1.0	1.0	1.0	1.0	1.0	1.0	1.0	
114	57596.0	13181.852	1.0	1.0	1.0	1.0	1.0	1.0	1.0	1.0	
115	57596.0	13181.852	1.0	1.0	1.0	1.0	1.0	1.0	1.0	1.0	
116	57596.0	13181.852	1.0	1.0	1.0	1.0	1.0	1.0	1.0	1.0	
117	57596.0	13181.852	1.0	1.0	1.0	1.0	1.0	1.0	1.0	1.0	
118	57596.0	13181.852	1.0	1.0	1.0	1.0	1.0	1.0	1.0	1.0	
119	57596.0	13181.852	1.0	1.0	1.0	1.0	1.0	1.0	1.0	1.0	
120	57596.0	13181.852	1.0	1.0	1.0	1.0	1.0	1.0	1.0	1.0	
121	57596.0	13181.852	1.0	1.0	1.0	1.0	1.0	1.0	1.0	1.0	
122	57596.0	13181.852	1.0	1.0	1.0	1.0	1.0	1.0	1.0	1.0	
123	57596.0	13181.852	1.0	1.0	1.0	1.0	1.0	1.0	1.0	1.0	
124	57596.0	13181.852	1.0	1.0	1.0	1.0	1.0	1.0	1.0	1.0	
125	57596.0	13181.852	1.0	1.0	1.0	1.0	1.0	1.0	1.0	1.0	
126	57596.0	13181.852	1.0	1.0	1.0	1.0	1.0	1.0	1.0	1.0	
127	57596.0	13181.852	1.0	1.0	1.0	1.0	1.0	1.0	1.0	1.0	
128	57596.0	13181.852	1.0	1.0	1.0	1.0	1.0	1.0	1.0	1.0	
129	57596.0	13181.852	1.0	1.0	1.0	1.0	1.0	1.0	1.0	1.0	
130	57596.0	13181.852	1.0	1.0	1.0	1.0	1.0	1.0	1.0	1.0	
131	57596.0	13181.852	1.0	1.0	1.0	1.0	1.0	1.0	1.0	1.0	
132	57596.0	13181.852	1.0	1.0	1.0	1.0	1.0	1.0	1.0	1.0	
133	57596.0	13181.852	1.0	1.0	1.0	1.0	1.0	1.0	1.0	1.0	
134	57596.0	13181.852	1.0	1.0	1.0	1.0	1.0	1.0	1.0	1.0	
135	57596.0	13181.852	1.0	1.0	1.0	1.0	1.0	1.0	1.0	1.0	
136	57596.0	13181.852	1.0	1.0	1.0	1.0	1.0	1.0	1.0	1.0	
137	57596.0	13181.852	1.0	1.0	1.0	1.0	1.0	1.0	1.0	1.0	
138	57596.0	13181.852	1.0	1.0	1.0	1.0	1.0	1.0	1.0	1.0	
139	57596.0	13181.852	1.0	1.0	1.0	1.0	1.0	1.0	1.0	1.0	
140	57596.0	13181.852	1.0	1.0	1.0	1.0	1.0	1.0	1.0	1.0	
141	57596.0	13181.852	1.0	1.0	1.0	1.0	1.0	1.0	1.0	1.0	
142	57596.0	13181.852	1.0	1.0	1.0	1.0	1.0	1.0	1.0	1.0	
143	57596.0	13181.852	1.0	1.0	1.0	1.0	1.0	1.0	1.0	1.0	
144	57596.0	13181.852	1.0	1.0	1.0	1.0	1.0	1.0	1.0	1.0	
145	57596.0	13181.852	1.0	1.0	1.0	1.0	1.0	1.0	1.0	1.0	
146	57596.0	13181.852	1.0	1.0	1.0	1.0	1.0	1.0	1.0	1.0	
147	57596.0	13181.852	1.0	1.0	1.0	1.0	1.0	1.0	1.0	1.0	
148	57596.0	13181.852	1.0	1.0	1.0	1.0	1.0	1.0	1.0	1.0	
149	57596.0	13181.852	1.0	1.0	1.0	1.0	1.0	1.0	1.0	1.0	
150	57596.0	13181.852	1.0	1.0	1.0	1.0	1.0	1.0	1.0	1.0	
151	57596.0	13181.852	1.0	1.0	1.0	1.0	1.0	1.0	1.0	1.0	
152	57596.0	13181.852	1.0	1.0	1.0	1.0	1.0	1.0	1.0	1.0	
153	57596.0	13181.852	1.0	1.0	1.0	1.0	1.0	1.0	1.0	1.0	
154	57596.0	13181.852	1.0	1.0	1.0	1.0	1.0	1.0	1.0	1.0	
155	57596.0	13181.852	1.0	1.0	1.0	1.0	1.0	1.0	1.0	1.0	
156	57596.0	13181.852	1.0	1.0	1.0	1.0	1.0	1.0	1.0	1.0	
157	57596.0	13181.852	1.0	1.0	1.0	1.0	1.0	1.0	1.0	1.0	
158	57596.0	13181.852	1.0	1.0	1.0	1.0	1.0	1.0	1.0	1.0	
159	57596.0	13181.852	1.0	1.0	1.0	1.0	1.0	1.0	1.0	1.0	
160	57596.0	13181.852	1.0	1.0	1.0	1.0	1.0	1.0	1.0	1.0	
161	57596.0	13181.852	1.0	1.0	1.0	1.0	1.0	1.0	1.0	1.0	
162	57596.0	13181.852	1.0	1.0	1.0	1.0	1.0	1.0	1.0	1.0	
163	57596.0	13181.852	1.0	1.0	1.0	1.0	1.0	1.0	1.0	1.0	
164	57596.0	13181.852	1.0	1.0	1.0	1.0	1.0	1.0	1.0	1.0	
165	57596.0	13181.852	1.0	1.0	1.0	1.0	1.0	1.0	1.0	1.0	
166	57596.0	13181.852	1.0	1.0	1.0	1.0	1.0	1.0	1.0	1.0	
167	57596.0	13181.852	1.0	1.0	1.0	1.0	1.0	1.0	1.0	1.0	
168	57596.0	13181.852	1.0	1.0	1.0	1.0	1.0	1.0	1.0	1.0	
169	57596.0	13181.852	1.0	1.0	1.0	1.0	1.0	1.0	1.0	1.0	
170	57596.0	13181.852	1.0	1.0	1.0	1.0	1.0	1.0	1.0	1.0	
171	57596.0	13181.852	1.0	1.0	1.0	1.0	1.0	1.0	1.0	1.0	
172	57596.0	13181.852	1.0	1.0	1.0	1.0	1.0	1.0	1.0	1.0	
173	57596.0	13181.852	1.0	1.0	1.0	1.0	1.0	1.0	1.0	1.0	
174	57596.0	13181.852	1.0	1.0	1.0	1.0	1.0	1.0	1.0	1.0	
175	57596.0	13181.852	1.0	1.0	1.0	1.0	1.0	1.0	1.0	1.0	
176	57596.0	13181.852	1.0	1.0	1.0	1.0	1.0	1.0	1.0	1.0	
177	57596.0	13181.852	1.0	1.0	1.0	1.0	1.0	1.0	1.0	1.0	
178	57596.0	13181.852	1.0	1.0	1.0	1.0	1.0	1.0	1.0	1.0	
179	57596.0	13181.852	1.0	1.0	1.0	1.0	1.0	1.0	1.0	1.0	
180	57596.0	13181.852	1.0	1.0	1.0	1.0	1.0	1.0	1.0	1.0	
181	57596.0	13181.852	1.0	1.0	1.0	1.0	1.0	1.0	1.0	1.0	
182	57596.0	13181.852	1.0	1.0	1.0	1.0	1.0	1.0	1.0	1.0	
183	57596.0	13181.852	1.0	1.0	1.0	1.0	1.0	1.0	1.0	1.0	
184	57596.0	13181.852	1.0	1.0	1.0	1.0	1.0	1.0	1.0	1.0	
185	57596.0	13181.852	1.0	1.0	1.0	1.0	1.0	1.0	1.0	1.0	
186	57596.0	13181.852	1.0	1.0	1.0	1.0	1.0	1.0	1.0	1.0	
187	57596.0	13181.852	1.0	1.0	1.0	1.0	1.0	1.0	1.0	1.0	
188	57596.0	13181.852	1.0	1.0	1.0	1.0	1.0	1.0	1.0	1.0	
189	57596.0	13181.852	1.0	1.0	1.0	1.0	1.0	1.0	1.0	1.0	
190	57596.0	13181.852	1.0	1.0	1.0	1.0	1.0	1.0	1.0	1.0	
191	57596.0	13181.852	1.0	1.0	1.0	1.0	1.0	1.0	1.0	1.0	
192	57595.0	13181.758	1.0	1.0	2.0	1.093932	1.0	1.0	1.0	1.0	
193	57595.0	13181.758	1.0	1.0	2.0	1.093932	1.0	1.0	1.0	1.0	
194	57595.0	13181.758	1.0	1.0	2.0	1.093932	1.0	1.0	1.0	1.0	
195	57595.0	13181.758	1.0	1.0	2.0	1.093932	1.0	1.0	1.0	1.0	
196	57595.0	13181.758	1.0	1.0	2.0	1.093932	1.0	1.0	1.0	1.0	
197	57595.0	13181.758	1.0	1.0	2.0	1.093932	1.0	1.0	1.0	1.0	
198	57595.0	13181.758	1.0	1.0	2.0	1.093932	1.0	1.0	1.0	1.0	
199	57595.0	13181.758	1.0	1.0	2.0	1.093932	1.0	1.0	1.0	1.0	
200	57595.0	13181.758	1.0	1.0	2.0	1.093932	1.0	1.0	1.0	1.0	
201	57595.0	13181.758	1.0	1.0	2.0	1.093932	1.0	1.0	1.0	1.0	
202	57595.0	13181.758	1.0	1.0	2.0	1.093932	1.0	1.0	1.0	1.0	
203	57595.0	13181.758	1.0	1.0	2.0	1.093932	1.0	1.0	1.0	1.0	
204	57595.0	13181.758	1.0	1.0	2.0	1.093932	1.0	1.0	1.0	1.0	
205	57595.0	13181.758	1.0	1.0	2.0	1.093932	1.0	1.0	1.0	1.0	
206	57595.0	13181.758	1.0	1.0	2.0	1.093932	1.0	1.0	1.0	1.0	
207	57595.0	13181.758	1.0	1.0	2.0	1.093932	1.0	1.0	1.0	1.0	
208	57595.0	13181.758	1.0	1.0	2.0	1.093932	1.0	1.0	1.0	1.0	
209	57595.0	13181.758	1.0	1.0	2.0	1.093932	1.0	1.0	1.0	1.0	
210	57595.0	13181.758	1.0	1.0	2.0	1.093932	1.0	1.0	1.0	1.0	
211	57595.0	13181.758	1.0	1.0	2.0	1.093932	1.0	1.0	1.0	1.0	
212	57595.0	13181.758	1.0	1.0	2.0	1.093932	1.0	1.0	1.0	1.0	
213	57595.0	13181.758	1.0	1.0	2.0	1.093932	1.0	1.0	1.0	1.0	
214	57595.0	13181.758	1.0	1.0	2.0	1.093932	1.0	1.0	1.0	1.0	
215	57595.0	13181.758	1.0	1.0	2.0	1.093932	1.0	1.0	1.0	1.0	
216	57595.0	13181.758	1.0	1.0	2.0	1.093932	1.0	1.0	1.0	1.0	
217	57595.0	13181.758	1.0	1.0	2.0	1.093932	1.0	1.0	1.0	1.0	
218	57595.0	13181.758	1.0	1.0	2.0	1.093932	1.0	1.0	1.0	1.0	
219	57595.0	13181.758	1.0	1.0	2.0	1.093932	1.0	1.0	1.0	1.0	
220	57595.0	13181.758	1.0	1.0	2.0	1.093932	1.0	1.0	1.0	1.0	
221	57595.0	13181.758	1.0	1.0	2.0	1.093932	1.0	1.0	1.0	1.0	
222	57595.0	13181.758	1.0	1.0	2.0	1.093932	1.0	1.0	1.0	1.0	
223	57595.0	13181.758	1.0	1.0	2.0	1.093932	1.0	1.0	1.0	1.0	
224	57595.0	13181.758	1.0	1.0	2.0	1.093932	1.0	1.0	1.0	1.0	
225	57595.0	13181.758	1.0	1.0	2.0	1.093932	1.0	1.0	1.0	1.0	
226	57595.0	13181.758	1.0	1.0	2.0	1.093932	1.0	1.0	1.0	1.0	
227	57595.0	13181.758	1.0	1.0	2.0	1.093932	1.0	1.0	1.0	1.0	
228	57595.0	13181.758	1.0	1.0	2.0	1.093932	1.0	1.0	1.0	1.0	
229	57595.0	13181.758	1.0	1.0	2.0	1.093932	1.0	1.0	1.0	1.0	
230	57595.0	13181.758	1.0	1.0	2.0	1.093932	1.0	1.0	1.0	1.0	
231	57595.0	13181.758	1.0	1.0	2.0	1.093932	1.0	1.0	1.0	1.0	
232	57595.0	13181.758	1.0	1.0	2.0	1.093932	1.0	1.0	1.0	1.0	
233	57595.0	13181.758	1.0	1.0	2.0	1.093932	1.0	1.0	1.0	1.0	
234	57595.0	13181.758	1.0	1.0	2.0	1.093932	1.0	1.0	1.0	1.0	
235	57595.0	13181.758	1.0	1.0	2.0	1.093932	1.0	1.0	1.0	1.0	
236	57595.0	13181.758	1.0	1.0	2.0	1.093932	1.0	1.0	1.0	1.0	
237	57595.0	13181.758	1.0	1.0	2.0	1.093932	1.0	1.0	1.0	1.0	
238	57595.0	13181.758	1.0	1.0	2.0	1.093932	1.0	1.0	1.0	1.0	
239	57595.0	13181.758	1.0	1.0	2.0	1.093932	1.0	1.0	1.0	1.0	
240	57595.0	13181.758	1.0	1.0	2.0	1.093932	1.0	1.0	1.0	1.0	
241	57595.0	13181.758	1.0	1.0	2.0	1.093932	1.0	1.0	1.0	1.0	
242	57595.0	13181.758	1.0	1.0	2.0	1.093932	1.0	1.0	1.0	1.0	
243	57595.0	13181.758	1.0	1.0	2.0	1.093932	1.0	1.0	1.0	1.0	
244	57595.0	13181.758	1.0	1.0	2.0	1.093932	1.0	1.0	1.0	1.0	
245	57595.0	13181.758	1.0	1.0	2.0	1.093932	1.0	1.0	1.0	1.0	
246	57595.0	13181.758	1.0	1.0	2.0	1.093932	1.0	1.0	1.0	1.0	
247	57595.0	13181.758	1.0	1.0	2.0	1.093932	1.0	1.0	1.0	1.0	
248	57595.0	13181.758	1.0	1.0	2.0	1.093932	1.0	1.0	1.0	1.0	
249	57595.0	13181.758	1.0	1.0	2.0	1.093932	1.0	1.0	1.0	1.0	
250	57595.0	13181.758	1.0	1.0	2.0	1.093932	1.0	1.0	1.0	1.0	
251	57595.0	13181.758	1.0	1.0	2.0	1.093932	1.0	1.0	1.0	1.0	
252	57595.0	13181.758	1.0	1.0	2.0	1.093932	1.0	1.0	1.0	1.0	
253	57595.0	13181.758	1.0	1.0	2.0	1.093932	1.0	1.0	1.0	1.0	
254	57595.0	13181.758	1.0	1.0	2.0	1.093932	1.0	1.0	1.0	1.0	
255	57595.0	13181.758	1.0	1.0	2.0	1.093932	1.0	1.0	1.0	1.0	
256	57595.0	13181.758	1.0	1.0	2.0	1.093932	1.0	1.0	1.0	1.0	
257	57595.0	13181.758	1.0	1.0	2.0	1.093932	1.0	1.0	1.0	1.0	
258	57595.0	13181.758	1.0	1.0	2.0	1.093932	1.0	1.0	1.0	1.0	
259	57595.0	13181.758	1.0	1.0	2.0	1.093932	1.0	1.0	1.0	1.0	
260	57595.0	13181.758	1.0	1.0	2.0	1.093932	1.0	1.0	1.0	1.0	
261	57595.0	13181.758	1.0	1.0	2.0	1.093932	1.0	1.0	1.0	1.0	
262	57595.0	13181.758	1.0	1.0	2.0	1.093932	1.0	1.0	1.0	1.0	
263	57595.0	13181.758	1.0	1.0	2.0	1.093932	1.0	1.0	1.0	1.0	
264	57595.0	13181.758	1.0	1.0	2.0	1.093932	1.0	1.0	1.0	1.0	
265	57595.0	13181.758	1.0	1.0	2.0	1.093932	1.0	1.0	1.0	1.0	
266	57594.0	13181.262	2.0	1.4958384	2.0	1.093932	1.0	1.0	1.0	1.0	
267	57593.0	13180.823	3.0	1.934208	2.0	1.093932	1.0	1.0	1.0	1.0	
268	57593.0	13180.823	3.0	1.934208	2.0	1.093932	1.0	1.0	1.0	1.0	
269	57591.0	13179.882	5.0	2.8757308	2.0	1.093932	1.0	1.0	1.0	1.0	
270	57589.0	13179.007	7.0	3.7501576	2.0	1.093932	1.0	1.0	1.0	1.0	
271	57587.0	13178.21	9.0	4.547792	2.0	1.093932	1.0	1.0	1.0	1.0	
272	57586.0	13177.8125	10.0	4.9446554	2.0	1.093932	1.0	1.0	1.0	1.0	
273	57585.0	13177.428	11.0	5.3292503	2.0	1.093932	1.0	1.0	1.0	1.0	
274	57585.0	13177.428	11.0	5.3292503	2.0	1.093932	1.0	1.0	1.0	1.0	
275	57585.0	13177.428	11.0	5.3292503	2.0	1.093932	1.0	1.0	1.0	1.0	
276	57584.0	13177.111	12.0	5.6455464	2.0	1.093932	1.0	1.0	1.0	1.0	
277	57581.0	13176.155	15.0	6.6016955	2.0	1.093932	1.0	1.0	1.0	1.0	
278	57579.0	13175.603	17.0	7.1554823	2.0	1.093932	1.0	1.0	1.0	1.0	
279	57576.0	13174.838	20.0	7.9205027	2.0	1.093932	1.0	1.0	1.0	1.0	
280	57574.0	13174.371	22.0	8.386229	2.0	1.093932	1.0	1.0	1.0	1.0	
281	57572.0	13173.959	24.0	8.797665	2.0	1.093932	1.0	1.0	1.0	1.0	
282	57571.0	13173.725	25.0	9.032403	2.0	1.093932	1.0	1.0	1.0	1.0	
283	57568.0	13173.086	28.0	9.67118	2.0	1.093932	1.0	1.0	1.0	1.0	
284	57567.0	13172.773	29.0	9.984768	2.0	1.093932	1.0	1.0	1.0	1.0	
285	57566.0	13172.42	30.0	10.336877	2.0	1.093932	1.0	1.0	1.0	1.0	
286	57565.0	13172.142	31.0	10.616285	2.0	1.093932	1.0	1.0	1.0	1.0	
287	57565.0	13172.142	31.0	10.616285	2.0	1.093932	1.0	1.0	1.0	1.0	
288	57565.0	13172.142	31.0	10.616285	2.0	1.093932	1.0	1.0	1.0	1.0	
289	57564.0	13171.86	32.0	10.897328	2.0	1.093932	1.0	1.0	1.0	1.0	
290	57564.0	13171.86	32.0	10.897328	2.0	1.093932	1.0	1.0	1.0	1.0	
291	57564.0	13171.86	32.0	10.897328	2.0	1.093932	1.0	1.0	1.0	1.0	
292	57564.0	13171.86	32.0	10.897328	2.0	1.093932	1.0	1.0	1.0	1.0	
293	57564.0	13171.86	32.0	10.897328	2.0	1.093932	1.0	1.0	1.0	1.0	
294	57564.0	13171.86	32.0	10.897328	2.0	1.093932	1.0	1.0	1.0	1.0	
295	57564.0	13171.86	32.0	10.897328	2.0	1.093932	1.0	1.0	1.0	1.0	
296	57564.0	13171.86	32.0	10.897328	2.0	1.093932	1.0	1.0	1.0	1.0	
297	57564.0	13171.86	32.0	10.897328	2.0	1.093932	1.0	1.0	1.0	1.0	
298	57564.0	13171.86	32.0	10.897328	2.0	1.093932	1.0	1.0	1.0	1.0	
299	57564.0	13171.86	32.0	10.897328	2.0	1.093932	1.0	1.0	1.0	1.0	
300	57564.0	13171.86	32.0	10.897328	2.0	1.093932	1.0	1.0	1.0	1.0	
301	57564.0	13171.86	32.0	10.897328	2.0	1.093932	1.0	1.0	1.0	1.0	
302	57564.0	13171.86	32.0	10.897328	2.0	1.093932	1.0	1.0	1.0	1.0	
303	57563.0	13171.751	32.0	10.897328	3.0	1.2030741	1.0	1.0	1.0	1.0	
304	57561.0	13171.345	32.0	10.897328	5.0	1.609888	1.0	1.0	1.0	1.0	
305	57561.0	13171.345	32.0	10.897328	5.0	1.609888	1.0	1.0	1.0	1.0	
306	57561.0	13171.345	32.0	10.897328	5.0	1.609888	1.0	1.0	1.0	1.0	
307	57560.0	13171.129	32.0	10.897328	6.0	1.825133	1.0	1.0	1.0	1.0	
308	57558.0	13170.662	32.0	10.897328	8.0	2.2920887	1.0	1.0	1.0	1.0	
309	57557.0	13170.529	32.0	10.897328	9.0	2.424423	1.0	1.0	1.0	1.0	
310	57556.0	13170.384	32.0	10.897328	10.0	2.5698223	1.0	1.0	1.0	1.0	
311	57554.0	13169.82	32.0	10.897328	12.0	3.1342032	1.0	1.0	1.0	1.0	
312	57553.0	13169.257	32.0	10.897328	13.0	3.6981397	1.0	1.0	1.0	1.0	
313	57551.0	13168.121	32.0	10.897328	15.0	4.8338714	1.0	1.0	1.0	1.0	
314	57546.0	13165.457	32.0	10.897328	20.0	7.4965243	1.0	1.0	1.0	1.0	
315	57545.0	13164.872	32.0	10.897328	21.0	8.080938	1.0	1.0	1.0	1.0	
316	57542.0	13163.469	32.0	10.897328	24.0	9.484577	1.0	1.0	1.0	1.0	
317	57539.0	13162.621	32.0	10.897328	27.0	10.333148	1.0	1.0	1.0	1.0	
318	57535.0	13161.265	32.0	10.897328	31.0	11.690271	1.0	1.0	1.0	1.0	
319	57533.0	13160.634	32.0	10.897328	33.0	12.320568	1.0	1.0	1.0	1.0	
320	57530.0	13159.631	32.0	10.897328	36.0	13.32362	1.0	1.0	1.0	1.0	
321	57529.0	13159.361	32.0	10.897328	37.0	13.592832	1.0	1.0	1.0	1.0	
322	57528.0	13159.025	32.0	10.897328	38.0	13.92841	1.0	1.0	1.0	1.0	
323	57528.0	13159.025	32.0	10.897328	38.0	13.92841	1.0	1.0	1.0	1.0	
324	57528.0	13159.025	32.0	10.897328	38.0	13.92841	1.0	1.0	1.0	1.0	
325	57527.0	13158.733	32.0	10.897328	39.0	14.220521	1.0	1.0	1.0	1.0	
326	57525.0	13158.052	32.0	10.897328	41.0	14.901657	1.0	1.0	1.0	1.0	
327	57521.0	13157.065	33.0	11.081146	44.0	15.703925	1.0	1.0	1.0	1.0	
328	57519.0	13156.536	33.0	11.081146	46.0	16.234945	1.0	1.0	1.0	1.0	
329	57519.0	13156.536	33.0	11.081146	46.0	16.234945	1.0	1.0	1.0	1.0	
330	57516.0	13155.735	33.0	11.081146	49.0	17.035896	1.0	1.0	1.0	1.0	
331	57514.0	13155.274	33.0	11.081146	51.0	17.496412	1.0	1.0	1.0	1.0	
332	57510.0	13154.105	33.0	11.081146	55.0	18.666544	1.0	1.0	1.0	1.0	
333	57506.0	13153.029	33.0	11.081146	59.0	19.741571	1.0	1.0	1.0	1.0	
334	57501.0	13151.668	33.0	11.081146	64.0	21.102901	1.0	1.0	1.0	1.0	
335	57495.0	13149.987	33.0	11.081146	70.0	22.783745	1.0	1.0	1.0	1.0	
336	57491.0	13148.991	33.0	11.081146	74.0	23.779036	1.0	1.0	1.0	1.0	
337	57485.0	13147.48	33.0	11.081146	80.0	25.290413	1.0	1.0	1.0	1.0	
338	57480.0	13146.1875	33.0	11.081146	85.0	26.582102	1.0	1.0	1.0	1.0	
339	57473.0	13144.54	33.0	11.081146	92.0	28.231113	1.0	1.0	1.0	1.0	
340	57460.0	13141.827	33.0	11.081146	105.0	30.943825	1.0	1.0	1.0	1.0	
341	57448.0	13139.482	33.0	11.081146	117.0	33.28643	1.0	1.0	1.0	1.0	
342	57441.0	13138.122	33.0	11.081146	124.0	34.647232	1.0	1.0	1.0	1.0	
343	57436.0	13137.193	33.0	11.081146	129.0	35.57557	1.0	1.0	1.0	1.0	
344	57429.0	13136.144	33.0	11.081146	136.0	36.624496	1.0	1.0	1.0	1.0	
345	57425.0	13135.6875	33.0	11.081146	140.0	37.080463	1.0	1.0	1.0	1.0	
346	57423.0	13135.467	33.0	11.081146	142.0	37.30151	1.0	1.0	1.0	1.0	
347	57418.0	13134.822	33.0	11.081146	147.0	37.94664	1.0	1.0	1.0	1.0	
348	57416.0	13134.505	33.0	11.081146	149.0	38.263474	1.0	1.0	1.0	1.0	
349	57411.0	13133.793	34.0	11.3048935	153.0	38.751484	1.0	1.0	1.0	1.0	
350	57407.0	13133.142	34.0	11.3048935	157.0	39.40186	1.0	1.0	1.0	1.0	
351	57404.0	13132.684	34.0	11.3048935	160.0	39.859726	1.0	1.0	1.0	1.0	
352	57401.0	13132.193	34.0	11.3048935	163.0	40.349354	1.0	1.0	1.0	1.0	
353	57397.0	13131.307	35.0	11.640458	166.0	40.901463	1.0	1.0	1.0	1.0	
354	57395.0	13131.026	35.0	11.640458	168.0	41.18126	1.0	1.0	1.0	1.0	
355	57392.0	13130.639	35.0	11.640458	171.0	41.56912	1.0	1.0	1.0	1.0	
356	57383.0	13129.181	35.0	11.640458	180.0	43.02653	1.0	1.0	1.0	1.0	
357	57380.0	13128.439	35.0	11.640458	183.0	43.767914	1.0	1.0	1.0	1.0	
358	57376.0	13127.623	35.0	11.640458	187.0	44.584667	1.0	1.0	1.0	1.0	
359	57376.0	13127.623	35.0	11.640458	187.0	44.584667	1.0	1.0	1.0	1.0	
360	57372.0	13126.508	35.0	11.640458	191.0	45.70014	1.0	1.0	1.0	1.0	
361	57366.0	13125.002	35.0	11.640458	197.0	47.206474	1.0	1.0	1.0	1.0	
362	57360.0	13123.705	35.0	11.640458	203.0	48.503605	1.0	1.0	1.0	1.0	
363	57357.0	13122.776	35.0	11.640458	206.0	49.432034	1.0	1.0	1.0	1.0	
364	57354.0	13122.152	35.0	11.640458	209.0	50.05786	1.0	1.0	1.0	1.0	
365	57351.0	13121.761	35.0	11.640458	212.0	50.448513	1.0	1.0	1.0	1.0	
366	57349.0	13121.548	35.0	11.640458	214.0	50.660088	1.0	1.0	1.0	1.0	
367	57348.0	13121.414	35.0	11.640458	215.0	50.79443	1.0	1.0	1.0	1.0	
368	57346.0	13121.274	35.0	11.640458	217.0	50.93375	1.0	1.0	1.0	1.0	
369	57344.0	13121.196	35.0	11.640458	219.0	51.011597	1.0	1.0	1.0	1.0	
370	57343.0	13121.166	35.0	11.640458	220.0	51.04137	1.0	1.0	1.0	1.0	
371	57341.0	13120.655	37.0	12.152141	220.0	51.04137	1.0	1.0	1.0	1.0	
372	57341.0	13120.655	37.0	12.152141	220.0	51.04137	1.0	1.0	1.0	1.0	
373	57341.0	13120.655	37.0	12.152141	220.0	51.04137	1.0	1.0	1.0	1.0	
374	57341.0	13120.655	37.0	12.152141	220.0	51.04137	1.0	1.0	1.0	1.0	
375	57341.0	13120.655	37.0	12.152141	220.0	51.04137	1.0	1.0	1.0	1.0	
376	57341.0	13120.655	37.0	12.152141	220.0	51.04137	1.0	1.0	1.0	1.0	
377	57340.0	13120.574	37.0	12.152141	221.0	51.121628	1.0	1.0	1.0	1.0	
378	57340.0	13120.574	37.0	12.152141	221.0	51.121628	1.0	1.0	1.0	1.0	
379	57339.0	13120.324	38.0	12.401772	221.0	51.121628	1.0	1.0	1.0	1.0	
380	57339.0	13120.324	38.0	12.401772	221.0	51.121628	1.0	1.0	1.0	1.0	
381	57338.0	13120.234	38.0	12.401772	222.0	51.21084	1.0	1.0	1.0	1.0	
382	57338.0	13120.234	38.0	12.401772	222.0	51.21084	1.0	1.0	1.0	1.0	
383	57338.0	13120.234	38.0	12.401772	222.0	51.21084	1.0	1.0	1.0	1.0	
384	57337.0	13120.138	38.0	12.401772	223.0	51.30803	1.0	1.0	1.0	1.0	
385	57337.0	13120.138	38.0	12.401772	223.0	51.30803	1.0	1.0	1.0	1.0	
386	57336.0	13119.998	39.0	12.541615	223.0	51.30803	1.0	1.0	1.0	1.0	
387	57336.0	13119.998	39.0	12.541615	223.0	51.30803	1.0	1.0	1.0	1.0	
388	57335.0	13119.826	40.0	12.713372	223.0	51.30803	1.0	1.0	1.0	1.0	
389	57335.0	13119.826	40.0	12.713372	223.0	51.30803	1.0	1.0	1.0	1.0	
390	57332.0	13119.418	41.0	12.958913	225.0	51.469723	1.0	1.0	1.0	1.0	
391	57329.0	13118.411	44.0	13.964313	225.0	51.469723	1.0	1.0	1.0	1.0	
392	57326.0	13117.347	47.0	15.029405	225.0	51.469723	1.0	1.0	1.0	1.0	
393	57321.0	13115.979	51.0	16.30562	226.0	51.559784	1.0	1.0	1.0	1.0	
394	57318.0	13115.191	53.0	16.906378	227.0	51.746307	1.0	1.0	1.0	1.0	
395	57314.0	13113.903	56.0	17.91605	228.0	52.024673	1.0	1.0	1.0	1.0	
396	57309.0	13112.59	59.0	18.654768	230.0	52.60035	1.0	1.0	1.0	1.0	
397	57299.0	13109.69	66.0	20.8816	233.0	53.275272	1.0	1.0	1.0	1.0	
398	57293.0	13108.012	69.0	21.854364	236.0	53.980858	1.0	1.0	1.0	1.0	
399	57286.0	13106.195	72.0	22.741753	240.0	54.911213	1.0	1.0	1.0	1.0	
400	57277.0	13103.391	76.0	24.387733	245.0	56.069637	1.0	1.0	1.0	1.0	
401	57264.0	13099.978	81.0	25.958366	253.0	57.911846	1.0	1.0	1.0	1.0	
402	57253.0	13097.258	85.0	27.030098	260.0	59.559147	1.0	1.0	1.0	1.0	
403	57241.0	13094.153	90.0	28.369158	267.0	61.32533	1.0	1.0	1.0	1.0	
404	57229.0	13090.672	97.0	30.463934	272.0	62.710594	1.0	1.0	1.0	1.0	
405	57218.0	13087.865	100.0	31.18969	280.0	64.79224	1.0	1.0	1.0	1.0	
406	57206.0	13084.59	105.0	32.59068	287.0	66.66585	1.0	1.0	1.0	1.0	
407	57196.0	13081.657	111.0	34.258713	291.0	67.93249	1.0	1.0	1.0	1.0	
408	57184.0	13078.32	119.0	36.434658	295.0	69.091736	1.0	1.0	1.0	1.0	
409	57175.0	13075.727	124.0	37.82507	299.0	70.29604	1.0	1.0	1.0	1.0	
410	57163.0	13072.373	132.0	39.787457	303.0	71.68484	1.0	1.0	1.0	1.0	
411	57153.0	13069.219	135.0	40.725773	310.0	73.89888	1.0	1.0	1.0	1.0	
412	57144.0	13066.786	140.0	42.223007	314.0	74.835045	1.0	1.0	1.0	1.0	
413	57137.0	13064.961	143.0	43.04797	318.0	75.83777	1.0	1.0	1.0	1.0	
414	57131.0	13063.413	147.0	44.088303	320.0	76.34521	1.0	1.0	1.0	1.0	
415	57127.0	13062.294	150.0	44.965004	321.0	76.58799	1.0	1.0	1.0	1.0	
416	57117.0	13060.157	154.0	45.89352	327.0	77.79646	1.0	1.0	1.0	1.0	
417	57108.0	13058.21	159.0	47.18068	331.0	78.457634	1.0	1.0	1.0	1.0	
418	57096.0	13055.77	167.0	49.034836	335.0	79.04361	1.0	1.0	1.0	1.0	
419	57082.0	13053.09	174.0	50.75262	342.0	80.00492	1.0	1.0	1.0	1.0	
420	57078.0	13052.162	178.0	51.678173	342.0	80.00492	1.0	1.0	1.0	1.0	
421	57068.0	13050.063	186.0	53.5203	344.0	80.26262	1.0	1.0	1.0	1.0	
422	57051.0	13047.087	197.0	55.952858	350.0	80.806206	1.0	1.0	1.0	1.0	
423	57038.0	13044.826	207.0	57.880962	353.0	81.13874	1.0	1.0	1.0	1.0	
424	57028.0	13043.06	216.0	59.52502	354.0	81.25938	1.0	1.0	1.0	1.0	
425	57018.0	13041.286	225.0	61.140785	355.0	81.41778	1.0	1.0	1.0	1.0	
426	57009.0	13039.553	233.0	62.661667	356.0	81.63031	1.0	1.0	1.0	1.0	
427	56996.0	13037.082	244.0	64.543434	358.0	82.22143	1.0	1.0	1.0	1.0	
428	56982.0	13034.319	252.0	65.89012	364.0	83.63617	1.0	1.0	1.0	1.0	
429	56969.0	13031.715	261.0	67.63542	368.0	84.494	1.0	1.0	1.0	1.0	
430	56959.0	13029.641	268.0	68.89484	371.0	85.30782	1.0	1.0	1.0	1.0	
431	56947.0	13027.544	280.0	70.99184	371.0	85.30782	1.0	1.0	1.0	1.0	
432	56931.0	13024.421	295.0	73.86449	372.0	85.55937	1.0	1.0	1.0	1.0	
433	56918.0	13021.3955	306.0	76.355385	374.0	86.09456	1.0	1.0	1.0	1.0	
434	56904.0	13018.237	316.0	78.51746	378.0	87.09075	1.0	1.0	1.0	1.0	
435	56889.0	13014.555	327.0	80.88519	382.0	88.4037	1.0	1.0	1.0	1.0	
436	56874.0	13011.173	339.0	83.27742	385.0	89.3946	1.0	1.0	1.0	1.0	
437	56855.0	13005.623	352.0	86.83276	391.0	91.38981	1.0	1.0	1.0	1.0	
438	56835.0	13000.027	364.0	89.98071	399.0	93.83858	1.0	1.0	1.0	1.0	
439	56821.0	12996.189	373.0	92.34525	404.0	95.31113	1.0	1.0	1.0	1.0	
440	56789.0	12986.851	396.0	98.58509	413.0	98.4093	1.0	1.0	1.0	1.0	
441	56762.0	12979.053	417.0	104.540276	419.0	100.24811	1.0	1.0	1.0	1.0	
442	56732.0	12969.629	437.0	110.47342	429.0	103.74122	1.0	1.0	1.0	1.0	
443	56708.0	12962.694	453.0	114.5429	437.0	106.607315	1.0	1.0	1.0	1.0	
444	56688.0	12956.367	467.0	119.01655	443.0	108.46194	1.0	1.0	1.0	1.0	
445	56666.0	12948.85	487.0	125.9984	445.0	108.997444	1.0	1.0	1.0	1.0	
446	56647.0	12942.939	504.0	131.39043	447.0	109.51998	1.0	1.0	1.0	1.0	
447	56627.0	12936.458	518.0	136.2234	453.0	111.17066	1.0	1.0	1.0	1.0	
448	56608.0	12930.931	531.0	140.07805	459.0	112.843765	1.0	1.0	1.0	1.0	
449	56587.0	12925.174	551.0	145.63452	460.0	113.0441	1.0	1.0	1.0	1.0	
450	56565.0	12918.853	568.0	150.60103	465.0	114.39597	1.0	1.0	1.0	1.0	
451	56539.0	12911.518	588.0	156.446	471.0	115.88671	1.0	1.0	1.0	1.0	
452	56518.0	12905.493	608.0	162.28035	472.0	116.07447	1.0	1.0	1.0	1.0	
453	56497.0	12898.653	626.0	168.28278	475.0	116.91404	1.0	1.0	1.0	1.0	
454	56474.0	12892.007	646.0	174.32193	478.0	117.523994	1.0	1.0	1.0	1.0	
455	56445.0	12883.801	672.0	181.69675	481.0	118.35085	1.0	1.0	1.0	1.0	
456	56421.0	12876.982	691.0	186.70247	486.0	120.16726	1.0	1.0	1.0	1.0	
457	56391.0	12868.691	714.0	192.72804	493.0	122.43154	1.0	1.0	1.0	1.0	
458	56372.0	12863.462	730.0	196.61989	496.0	123.76862	1.0	1.0	1.0	1.0	
459	56354.0	12858.201	742.0	199.61963	502.0	126.02708	1.0	1.0	1.0	1.0	
460	56337.0	12852.759	751.0	202.0106	510.0	129.07951	1.0	1.0	1.0	1.0	
461	56322.0	12849.078	762.0	204.3331	514.0	130.43977	1.0	1.0	1.0	1.0	
462	56297.0	12842.865	783.0	209.27652	518.0	131.71481	1.0	1.0	1.0	1.0	
463	56267.0	12833.698	805.0	215.61778	526.0	134.54176	1.0	1.0	1.0	1.0	
464	56242.0	12826.1875	825.0	221.65674	531.0	136.01456	1.0	1.0	1.0	1.0	
465	56218.0	12819.688	844.0	226.7379	536.0	137.43079	1.0	1.0	1.0	1.0	
466	56198.0	12814.42	860.0	230.94629	540.0	138.49002	1.0	1.0	1.0	1.0	
467	56170.0	12807.154	882.0	236.73802	546.0	139.96104	1.0	1.0	1.0	1.0	
468	56154.0	12802.27	893.0	240.09708	551.0	141.48854	1.0	1.0	1.0	1.0	
469	56126.0	12794.194	914.0	246.27017	558.0	143.39003	1.0	1.0	1.0	1.0	
470	56106.0	12788.496	928.0	250.30814	564.0	145.04962	1.0	1.0	1.0	1.0	
471	56081.0	12782.464	946.0	254.46252	571.0	146.92879	1.0	1.0	1.0	1.0	
472	56056.0	12775.628	963.0	259.1757	579.0	149.0501	1.0	1.0	1.0	1.0	
473	56016.0	12764.518	985.0	265.9951	597.0	153.34601	1.0	1.0	1.0	1.0	
474	55980.0	12754.227	1006.0	272.1797	612.0	157.45178	1.0	1.0	1.0	1.0	
475	55940.0	12742.292	1034.0	280.63882	624.0	160.92317	1.0	1.0	1.0	1.0	
476	55906.0	12731.085	1063.0	290.31232	629.0	162.45465	1.0	1.0	1.0	1.0	
477	55879.0	12722.958	1082.0	296.57785	637.0	164.31448	1.0	1.0	1.0	1.0	
478	55861.0	12716.927	1094.0	300.90836	643.0	166.01251	1.0	1.0	1.0	1.0	
479	55846.0	12711.326	1102.0	304.25018	650.0	168.27173	1.0	1.0	1.0	1.0	
480	55823.0	12702.094	1119.0	311.25494	656.0	170.50534	1.0	1.0	1.0	1.0	
481	55798.0	12692.659	1140.0	319.39038	660.0	171.80577	1.0	1.0	1.0	1.0	
482	55771.0	12681.392	1162.0	328.60413	665.0	173.8587	1.0	1.0	1.0	1.0	
483	55745.0	12672.174	1182.0	335.36398	671.0	176.3152	1.0	1.0	1.0	1.0	
484	55716.0	12661.801	1205.0	343.61734	677.0	178.43323	1.0	1.0	1.0	1.0	
485	55679.0	12647.805	1237.0	355.97763	682.0	180.06982	1.0	1.0	1.0	1.0	
486	55637.0	12631.986	1270.0	368.288	691.0	183.5787	1.0	1.0	1.0	1.0	
487	55600.0	12620.073	1299.0	378.21054	699.0	185.56958	1.0	1.0	1.0	1.0	
488	55568.0	12609.948	1324.0	385.95178	706.0	187.95311	1.0	1.0	1.0	1.0	
489	55539.0	12600.476	1345.0	392.31442	714.0	191.05917	1.0	1.0	1.0	1.0	
490	55504.0	12587.229	1368.0	400.61496	726.0	196.00513	1.0	1.0	1.0	1.0	
491	55458.0	12572.571	1401.0	410.16916	739.0	201.1072	1.0	1.0	1.0	1.0	
492	55419.0	12558.038	1428.0	420.47736	751.0	205.33087	1.0	1.0	1.0	1.0	
493	55381.0	12547.144	1454.0	427.6883	763.0	209.01704	1.0	1.0	1.0	1.0	
494	55344.0	12536.102	1478.0	435.4581	776.0	212.28737	1.0	1.0	1.0	1.0	
495	55312.0	12526.43	1501.0	442.78983	785.0	214.62483	1.0	1.0	1.0	1.0	
496	55289.0	12519.425	1515.0	447.15195	794.0	217.26758	1.0	1.0	1.0	1.0	
497	55264.0	12511.408	1533.0	453.213	801.0	219.2199	1.0	1.0	1.0	1.0	
498	55232.0	12501.495	1558.0	461.1241	808.0	221.21927	1.0	1.0	1.0	1.0	
499	55201.0	12491.159	1580.0	468.6837	817.0	223.99509	1.0	1.0	1.0	1.0	
500	55177.0	12483.946	1595.0	473.8088	826.0	226.08347	1.0	1.0	1.0	1.0	
501	55159.0	12478.45	1609.0	477.90887	830.0	227.48431	1.0	1.0	1.0	1.0	
502	55143.0	12473.841	1619.0	480.6945	836.0	229.3055	1.0	1.0	1.0	1.0	
503	55122.0	12468.845	1634.0	484.04907	842.0	230.94682	1.0	1.0	1.0	1.0	
504	55101.0	12463.299	1649.0	487.94742	848.0	232.59642	1.0	1.0	1.0	1.0	
505	55072.0	12456.696	1669.0	492.1832	857.0	234.96135	1.0	1.0	1.0	1.0	
506	55057.0	12453.687	1680.0	494.24646	861.0	235.90987	1.0	1.0	1.0	1.0	
507	55035.0	12449.274	1692.0	496.37845	871.0	238.18748	1.0	1.0	1.0	1.0	
508	55005.0	12442.931	1710.0	500.08243	883.0	240.82861	1.0	1.0	1.0	1.0	
509	54978.0	12437.37	1726.0	503.05383	894.0	243.41995	1.0	1.0	1.0	1.0	
510	54945.0	12430.414	1744.0	506.41245	909.0	247.02026	1.0	1.0	1.0	1.0	
511	54918.0	12424.84	1761.0	509.41684	919.0	249.59035	1.0	1.0	1.0	1.0	
512	54883.0	12418.21	1783.0	513.2104	932.0	252.42607	1.0	1.0	1.0	1.0	
513	54855.0	12411.784	1799.0	516.227	944.0	255.83339	1.0	1.0	1.0	1.0	
514	54834.0	12406.416	1810.0	518.41626	954.0	259.01294	1.0	1.0	1.0	1.0	
515	54815.0	12401.947	1823.0	520.6089	960.0	261.287	1.0	1.0	1.0	1.0	
516	54775.0	12391.533	1847.0	524.7147	976.0	267.59894	1.0	1.0	1.0	1.0	
517	54740.0	12383.881	1869.0	528.2628	989.0	271.69937	1.0	1.0	1.0	1.0	
518	54701.0	12373.436	1887.0	531.02563	1010.0	279.38602	1.0	1.0	1.0	1.0	
519	54667.0	12364.914	1905.0	534.20886	1026.0	284.72507	1.0	1.0	1.0	1.0	
520	54632.0	12356.022	1920.0	536.6722	1046.0	291.154	1.0	1.0	1.0	1.0	
521	54596.0	12346.603	1937.0	540.52545	1065.0	296.7261	1.0	1.0	1.0	1.0	
522	54554.0	12334.052	1955.0	545.22296	1089.0	304.58115	1.0	1.0	1.0	1.0	
523	54498.0	12316.337	1976.0	550.62274	1124.0	316.89023	1.0	1.0	1.0	1.0	
524	54458.0	12303.712	1992.0	554.6342	1148.0	325.50623	1.0	1.0	1.0	1.0	
525	54404.0	12287.36	2017.0	561.2207	1177.0	335.26938	1.0	1.0	1.0	1.0	
526	54349.0	12271.081	2040.0	567.1955	1209.0	345.5664	1.0	1.0	1.0	1.0	
527	54298.0	12255.248	2062.0	574.1304	1238.0	354.46198	1.0	1.0	1.0	1.0	
528	54234.0	12236.644	2094.0	582.84717	1270.0	364.3458	1.0	1.0	1.0	1.0	
529	54187.0	12225.049	2120.0	588.5671	1291.0	370.22073	1.0	1.0	1.0	1.0	
530	54128.0	12210.553	2149.0	594.75085	1321.0	378.53702	1.0	1.0	1.0	1.0	
531	54080.0	12197.963	2172.0	600.46564	1346.0	385.41684	1.0	1.0	1.0	1.0	
532	54022.0	12183.559	2205.0	607.51624	1371.0	392.76807	1.0	1.0	1.0	1.0	
533	53967.0	12169.362	2238.0	615.0054	1393.0	399.47464	1.0	1.0	1.0	1.0	
534	53911.0	12154.713	2269.0	622.8686	1418.0	406.26144	1.0	1.0	1.0	1.0	
535	53860.0	12139.715	2294.0	630.4095	1444.0	413.7239	1.0	1.0	1.0	1.0	
536	53806.0	12124.411	2322.0	638.3951	1470.0	421.0433	1.0	1.0	1.0	1.0	
537	53766.0	12113.014	2346.0	645.37335	1486.0	425.45984	1.0	1.0	1.0	1.0	
538	53708.0	12096.861	2378.0	654.6847	1512.0	432.29694	1.0	1.0	1.0	1.0	
539	53660.0	12080.81	2406.0	663.8111	1532.0	439.22208	1.0	1.0	1.0	1.0	
540	53609.0	12064.676	2438.0	673.84094	1551.0	445.3258	1.0	1.0	1.0	1.0	
541	53559.0	12047.469	2459.0	681.3144	1580.0	455.0589	1.0	1.0	1.0	1.0	
542	53511.0	12032.161	2484.0	688.59186	1603.0	463.08838	1.0	1.0	1.0	1.0	
543	53445.0	12011.687	2513.0	697.8959	1640.0	474.26416	1.0	1.0	1.0	1.0	
544	53392.0	11995.466	2539.0	705.065	1667.0	483.3186	1.0	1.0	1.0	1.0	
545	53329.0	11976.448	2571.0	714.4209	1698.0	492.98322	1.0	1.0	1.0	1.0	
546	53266.0	11957.234	2609.0	725.727	1723.0	500.8929	1.0	1.0	1.0	1.0	
547	53208.0	11940.283	2642.0	735.5166	1748.0	508.04996	1.0	1.0	1.0	1.0	
548	53135.0	11919.99	2683.0	746.43774	1780.0	517.4217	1.0	1.0	1.0	1.0	
549	53070.0	11901.693	2723.0	757.4023	1805.0	524.7547	1.0	1.0	1.0	1.0	
550	53005.0	11883.882	2764.0	767.8938	1829.0	532.07294	1.0	1.0	1.0	1.0	
551	52938.0	11865.2705	2805.0	779.00684	1855.0	539.5712	1.0	1.0	1.0	1.0	
552	52865.0	11845.124	2844.0	788.7494	1889.0	549.9769	1.0	1.0	1.0	1.0	
553	52792.0	11825.377	2887.0	801.1727	1919.0	557.3016	1.0	1.0	1.0	1.0	
554	52734.0	11810.112	2924.0	810.8995	1940.0	562.84045	1.0	1.0	1.0	1.0	
555	52681.0	11794.842	2958.0	820.13336	1959.0	568.88257	1.0	1.0	1.0	1.0	
556	52613.0	11773.893	3007.0	834.7339	1978.0	575.23236	1.0	1.0	1.0	1.0	
557	52543.0	11752.967	3049.0	846.60535	2006.0	584.2871	1.0	1.0	1.0	1.0	
558	52478.0	11732.659	3093.0	860.665	2027.0	590.5359	1.0	1.0	1.0	1.0	
559	52415.0	11713.858	3122.0	868.88995	2061.0	601.1074	1.0	1.0	1.0	1.0	
560	52373.0	11701.569	3144.0	875.60114	2081.0	606.68463	1.0	1.0	1.0	1.0	
561	52316.0	11682.655	3172.0	885.1276	2110.0	616.0693	1.0	1.0	1.0	1.0	
562	52261.0	11665.755	3201.0	894.28815	2136.0	623.8078	1.0	1.0	1.0	1.0	
563	52186.0	11643.298	3240.0	906.3783	2172.0	634.17725	1.0	1.0	1.0	1.0	
564	52124.0	11622.666	3285.0	922.0224	2189.0	639.17126	1.0	1.0	1.0	1.0	
565	52063.0	11603.854	3322.0	933.8062	2213.0	646.1989	1.0	1.0	1.0	1.0	
566	52002.0	11586.174	3357.0	943.06445	2239.0	654.6218	1.0	1.0	1.0	1.0	
567	51942.0	11566.967	3391.0	954.39453	2265.0	662.49786	1.0	1.0	1.0	1.0	
568	51884.0	11548.213	3431.0	966.34424	2283.0	669.2969	1.0	1.0	1.0	1.0	
569	51824.0	11527.891	3462.0	976.2279	2312.0	679.73126	1.0	1.0	1.0	1.0	
570	51770.0	11509.988	3494.0	986.67865	2334.0	687.18756	1.0	1.0	1.0	1.0	
571	51709.0	11489.728	3533.0	999.07135	2356.0	695.0548	1.0	1.0	1.0	1.0	
572	51655.0	11472.491	3562.0	1008.6513	2381.0	702.7108	1.0	1.0	1.0	1.0	
573	51586.0	11452.731	3604.0	1020.08466	2408.0	711.0395	1.0	1.0	1.0	1.0	
574	51535.0	11436.986	3638.0	1031.2645	2425.0	715.60406	1.0	1.0	1.0	1.0	
575	51477.0	11420.865	3674.0	1041.4401	2447.0	721.5466	1.0	1.0	1.0	1.0	
576	51419.0	11404.263	3713.0	1052.606	2466.0	726.98364	1.0	1.0	1.0	1.0	
577	51367.0	11388.182	3744.0	1062.3215	2487.0	733.3424	1.0	1.0	1.0	1.0	
578	51318.0	11372.996	3774.0	1071.9342	2506.0	738.9184	1.0	1.0	1.0	1.0	
579	51274.0	11360.751	3802.0	1079.708	2522.0	743.3928	1.0	1.0	1.0	1.0	
580	51222.0	11346.183	3833.0	1088.9785	2543.0	748.68774	1.0	1.0	1.0	1.0	
581	51166.0	11330.555	3864.0	1097.637	2568.0	755.66174	1.0	1.0	1.0	1.0	
582	51110.0	11313.718	3898.0	1108.054	2590.0	762.0795	1.0	1.0	1.0	1.0	
583	51053.0	11295.979	3934.0	1119.8195	2611.0	768.0505	1.0	1.0	1.0	1.0	
584	50990.0	11276.672	3975.0	1132.7279	2633.0	774.4476	1.0	1.0	1.0	1.0	
585	50927.0	11258.5625	4015.0	1144.733	2656.0	780.55316	1.0	1.0	1.0	1.0	
586	50854.0	11237.05	4057.0	1157.9044	2687.0	788.8942	1.0	1.0	1.0	1.0	
587	50779.0	11213.583	4104.0	1173.4993	2715.0	796.766	1.0	1.0	1.0	1.0	
588	50700.0	11191.545	4147.0	1186.21	2751.0	806.0958	1.0	1.0	1.0	1.0	
589	50611.0	11163.139	4203.0	1204.6248	2784.0	816.0935	1.0	1.0	1.0	1.0	
590	50549.0	11143.383	4242.0	1217.4437	2807.0	823.03107	1.0	1.0	1.0	1.0	
591	50476.0	11120.18	4284.0	1232.3513	2838.0	831.3318	1.0	1.0	1.0	1.0	
592	50387.0	11092.796	4338.0	1250.113	2873.0	840.9493	1.0	1.0	1.0	1.0	
593	50303.0	11066.481	4390.0	1267.7023	2905.0	849.6773	1.0	1.0	1.0	1.0	
594	50213.0	11038.796	4445.0	1285.675	2940.0	859.3862	1.0	1.0	1.0	1.0	
595	50120.0	11009.792	4503.0	1305.8121	2975.0	868.26105	1.0	1.0	1.0	1.0	
596	50034.0	10985.012	4555.0	1322.1515	3009.0	876.6981	1.0	1.0	1.0	1.0	
597	49939.0	10956.626	4606.0	1338.2644	3053.0	888.9714	1.0	1.0	1.0	1.0	
598	49839.0	10928.685	4674.0	1358.7797	3085.0	896.396	1.0	1.0	1.0	1.0	
599	49752.0	10903.829	4732.0	1377.6838	3114.0	902.3522	1.0	1.0	1.0	1.0	
600	49656.0	10875.086	4800.0	1400.3947	3142.0	908.39136	1.0	1.0	1.0	1.0	
601	49558.0	10848.355	4862.0	1418.7465	3178.0	916.7744	1.0	1.0	1.0	1.0	
602	49462.0	10822.407	4926.0	1438.2153	3210.0	923.24927	1.0	1.0	1.0	1.0	
603	49361.0	10796.771	4992.0	1457.4967	3245.0	929.60126	1.0	1.0	1.0	1.0	
604	49283.0	10776.183	5046.0	1472.4594	3269.0	935.2267	1.0	1.0	1.0	1.0	
605	49191.0	10752.165	5114.0	1491.4382	3293.0	940.2662	1.0	1.0	1.0	1.0	
606	49100.0	10727.589	5176.0	1509.3406	3322.0	946.93835	1.0	1.0	1.0	1.0	
607	49007.0	10703.28	5235.0	1525.6875	3356.0	954.90485	1.0	1.0	1.0	1.0	
608	48912.0	10677.274	5305.0	1545.3486	3381.0	961.2495	1.0	1.0	1.0	1.0	
609	48819.0	10652.336	5364.0	1562.4968	3415.0	969.03723	1.0	1.0	1.0	1.0	
610	48724.0	10626.346	5432.0	1582.1461	3442.0	975.37787	1.0	1.0	1.0	1.0	
611	48632.0	10601.244	5489.0	1598.2545	3477.0	984.3652	1.0	1.0	1.0	1.0	
612	48532.0	10575.06	5556.0	1615.4165	3510.0	993.38586	1.0	1.0	1.0	1.0	
613	48450.0	10554.601	5612.0	1630.2351	3536.0	999.0232	1.0	1.0	1.0	1.0	
614	48355.0	10531.124	5672.0	1646.4072	3571.0	1006.3271	1.0	1.0	1.0	1.0	
615	48277.0	10511.137	5720.0	1659.4707	3601.0	1013.24615	1.0	1.0	1.0	1.0	
616	48174.0	10483.831	5780.0	1676.1598	3644.0	1023.862	1.0	1.0	1.0	1.0	
617	48081.0	10460.337	5830.0	1689.6947	3687.0	1033.8246	1.0	1.0	1.0	1.0	
618	47976.0	10432.351	5892.0	1706.254	3730.0	1045.2512	1.0	1.0	1.0	1.0	
619	47872.0	10405.154	5940.0	1719.0474	3786.0	1059.6542	1.0	1.0	1.0	1.0	
620	47778.0	10380.147	5989.0	1731.9802	3831.0	1071.73	1.0	1.0	1.0	1.0	
621	47682.0	10356.156	6040.0	1744.1837	3876.0	1083.5208	1.0	1.0	1.0	1.0	
622	47574.0	10327.866	6102.0	1759.5238	3922.0	1096.4801	1.0	1.0	1.0	1.0	
623	47490.0	10306.068	6149.0	1770.3427	3959.0	1107.4607	1.0	1.0	1.0	1.0	
624	47406.0	10285.885	6200.0	1781.2067	3992.0	1116.7816	1.0	1.0	1.0	1.0	
625	47316.0	10263.511	6242.0	1789.9565	4040.0	1130.4133	1.0	1.0	1.0	1.0	
626	47227.0	10241.064	6284.0	1799.2211	4087.0	1143.5923	1.0	1.0	1.0	1.0	
627	47159.0	10224.482	6311.0	1804.5928	4128.0	1154.7986	1.0	1.0	1.0	1.0	
628	47066.0	10199.576	6360.0	1815.4843	4172.0	1168.8208	1.0	1.0	1.0	1.0	
629	46996.0	10180.965	6394.0	1823.4426	4208.0	1179.4797	1.0	1.0	1.0	1.0	
630	46918.0	10160.674	6428.0	1831.1709	4252.0	1192.0422	1.0	1.0	1.0	1.0	
631	46843.0	10141.491	6468.0	1840.05	4287.0	1202.3495	1.0	1.0	1.0	1.0	
632	46753.0	10117.214	6508.0	1848.7355	4337.0	1217.9451	1.0	1.0	1.0	1.0	
633	46667.0	10093.694	6542.0	1856.1228	4389.0	1234.0804	1.0	1.0	1.0	1.0	
634	46585.0	10073.176	6587.0	1866.4718	4426.0	1244.2537	1.0	1.0	1.0	1.0	
635	46493.0	10049.852	6623.0	1873.7793	4482.0	1260.2759	1.0	1.0	1.0	1.0	
636	46398.0	10026.627	6668.0	1883.7736	4532.0	1273.5029	1.0	1.0	1.0	1.0	
637	46313.0	10004.601	6701.0	1891.5066	4584.0	1287.7969	1.0	1.0	1.0	1.0	
638	46227.0	9982.019	6736.0	1900.1373	4635.0	1301.7388	1.0	1.0	1.0	1.0	
639	46149.0	9963.035	6760.0	1905.6663	4689.0	1315.197	1.0	1.0	1.0	1.0	
640	46082.0	9946.447	6786.0	1911.8033	4730.0	1325.6494	1.0	1.0	1.0	1.0	
641	46027.0	9933.632	6806.0	1916.5044	4765.0	1333.7662	1.0	1.0	1.0	1.0	
642	45956.0	9916.057	6832.0	1922.0432	4810.0	1345.7977	1.0	1.0	1.0	1.0	
643	45907.0	9903.671	6857.0	1927.457	4834.0	1352.7662	1.0	1.0	1.0	1.0	
644	45846.0	9888.125	6890.0	1934.974	4862.0	1360.7931	1.0	1.0	1.0	1.0	
645	45775.0	9870.594	6920.0	1942.3422	4903.0	1370.9553	1.0	1.0	1.0	1.0	
646	45703.0	9851.356	6947.0	1949.9451	4948.0	1382.5911	1.0	1.0	1.0	1.0	
647	45604.0	9821.226	6987.0	1960.7766	5007.0	1401.8837	1.0	1.0	1.0	1.0	
648	45520.0	9797.08	7019.0	1971.1075	5059.0	1415.7004	1.0	1.0	1.0	1.0	
649	45425.0	9771.9375	7050.0	1979.7522	5123.0	1432.1957	1.0	1.0	1.0	1.0	
650	45321.0	9741.407	7091.0	1992.6107	5186.0	1449.8663	1.0	1.0	1.0	1.0	
651	45229.0	9716.989	7120.0	2001.2266	5249.0	1465.6685	1.0	1.0	1.0	1.0	
652	45130.0	9689.618	7166.0	2014.9902	5302.0	1479.2777	1.0	1.0	1.0	1.0	
653	45037.0	9666.648	7202.0	2024.056	5359.0	1493.1808	1.0	1.0	1.0	1.0	
654	44954.0	9645.869	7244.0	2034.7828	5400.0	1503.239	1.0	1.0	1.0	1.0	
655	44872.0	9622.697	7282.0	2046.4119	5444.0	1514.7788	1.0	1.0	1.0	1.0	
656	44776.0	9597.767	7321.0	2057.9812	5501.0	1528.1378	1.0	1.0	1.0	1.0	
657	44686.0	9574.19	7361.0	2070.0823	5551.0	1539.6091	1.0	1.0	1.0	1.0	
658	44588.0	9548.372	7408.0	2084.0513	5602.0	1551.4615	1.0	1.0	1.0	1.0	
659	44507.0	9527.82	7443.0	2093.7717	5648.0	1562.2965	1.0	1.0	1.0	1.0	
660	44433.0	9507.633	7479.0	2104.303	5686.0	1571.9567	1.0	1.0	1.0	1.0	
661	44347.0	9483.574	7524.0	2117.6555	5727.0	1582.6611	1.0	1.0	1.0	1.0	
662	44238.0	9453.392	7579.0	2133.8367	5781.0	1596.6627	1.0	1.0	1.0	1.0	
663	44116.0	9419.931	7645.0	2152.628	5837.0	1611.3337	1.0	1.0	1.0	1.0	
664	44013.0	9388.737	7699.0	2170.5652	5886.0	1624.593	1.0	1.0	1.0	1.0	
665	43898.0	9357.378	7751.0	2184.6782	5949.0	1641.838	1.0	1.0	1.0	1.0	
666	43791.0	9326.698	7813.0	2204.257	5994.0	1652.9385	1.0	1.0	1.0	1.0	
667	43659.0	9288.553	7883.0	2226.4263	6056.0	1668.9172	1.0	1.0	1.0	1.0	
668	43533.0	9252.83	7952.0	2246.67	6113.0	1684.3904	1.0	1.0	1.0	1.0	
669	43386.0	9213.133	8032.0	2267.3113	6180.0	1703.4427	1.0	1.0	1.0	1.0	
670	43247.0	9176.722	8105.0	2285.477	6246.0	1721.6855	1.0	1.0	1.0	1.0	
671	43111.0	9141.603	8175.0	2303.6794	6312.0	1738.599	1.0	1.0	1.0	1.0	
672	42973.0	9104.394	8250.0	2322.5527	6375.0	1756.9293	1.0	1.0	1.0	1.0	
673	42854.0	9072.769	8321.0	2340.685	6423.0	1770.4196	1.0	1.0	1.0	1.0	
674	42738.0	9042.934	8370.0	2352.5222	6490.0	1788.4218	1.0	1.0	1.0	1.0	
675	42624.0	9013.824	8431.0	2368.3853	6543.0	1801.6724	1.0	1.0	1.0	1.0	
676	42498.0	8983.16	8485.0	2381.5857	6615.0	1819.1328	1.0	1.0	1.0	1.0	
677	42390.0	8955.179	8533.0	2393.5715	6675.0	1835.1313	1.0	1.0	1.0	1.0	
678	42272.0	8925.702	8585.0	2407.146	6741.0	1851.0342	1.0	1.0	1.0	1.0	
679	42170.0	8898.124	8624.0	2418.0068	6804.0	1867.7584	1.0	1.0	1.0	1.0	
680	42064.0	8870.892	8670.0	2429.9634	6864.0	1883.031	1.0	1.0	1.0	1.0	
681	41948.0	8842.065	8722.0	2441.738	6928.0	1900.079	1.0	1.0	1.0	1.0	
682	41848.0	8816.193	8764.0	2452.8892	6986.0	1914.7952	1.0	1.0	1.0	1.0	
683	41734.0	8787.205	8810.0	2464.2476	7054.0	1932.4263	1.0	1.0	1.0	1.0	
684	41626.0	8760.307	8851.0	2474.6343	7121.0	1948.9335	1.0	1.0	1.0	1.0	
685	41526.0	8737.08	8904.0	2486.0151	7168.0	1960.7905	1.0	1.0	1.0	1.0	
686	41416.0	8711.149	8955.0	2497.9348	7227.0	1974.8005	1.0	1.0	1.0	1.0	
687	41303.0	8683.888	8999.0	2508.474	7296.0	1991.5363	1.0	1.0	1.0	1.0	
688	41200.0	8659.939	9045.0	2519.0107	7353.0	2004.9457	1.0	1.0	1.0	1.0	
689	41111.0	8638.2705	9086.0	2528.9497	7401.0	2016.6729	1.0	1.0	1.0	1.0	
690	41015.0	8613.126	9135.0	2542.6213	7448.0	2028.1454	1.0	1.0	1.0	1.0	
691	40919.0	8587.464	9189.0	2557.549	7490.0	2038.8811	1.0	1.0	1.0	1.0	
692	40820.0	8560.5	9242.0	2572.3965	7536.0	2050.9907	1.0	1.0	1.0	1.0	
693	40720.0	8534.444	9302.0	2589.19	7576.0	2060.2595	1.0	1.0	1.0	1.0	
694	40626.0	8509.4795	9358.0	2604.5432	7614.0	2069.8713	1.0	1.0	1.0	1.0	
695	40525.0	8480.003	9420.0	2622.712	7653.0	2081.1738	1.0	1.0	1.0	1.0	
696	40394.0	8443.46	9489.0	2641.904	7715.0	2098.5205	1.0	1.0	1.0	1.0	
697	40281.0	8414.711	9546.0	2658.0671	7771.0	2111.1123	1.0	1.0	1.0	1.0	
698	40158.0	8381.206	9622.0	2679.164	7818.0	2123.5237	1.0	1.0	1.0	1.0	
699	40047.0	8350.463	9691.0	2699.4016	7860.0	2134.0288	1.0	1.0	1.0	1.0	
700	39919.0	8317.833	9766.0	2718.9763	7913.0	2147.0786	1.0	1.0	1.0	1.0	
701	39798.0	8286.174	9848.0	2740.2126	7952.0	2157.506	1.0	1.0	1.0	1.0	
702	39673.0	8256.424	9920.0	2758.2173	8005.0	2169.2485	1.0	1.0	1.0	1.0	
703	39561.0	8230.106	9981.0	2773.4844	8056.0	2180.2927	1.0	1.0	1.0	1.0	
704	39427.0	8198.131	10058.0	2791.9358	8113.0	2193.8179	1.0	1.0	1.0	1.0	
705	39294.0	8164.5366	10123.0	2807.9673	8181.0	2211.382	1.0	1.0	1.0	1.0	
706	39174.0	8135.0903	10186.0	2823.578	8238.0	2225.2227	1.0	1.0	1.0	1.0	
707	39063.0	8107.719	10242.0	2837.4514	8293.0	2238.7236	1.0	1.0	1.0	1.0	
708	38935.0	8075.6587	10322.0	2857.6475	8341.0	2250.5857	1.0	1.0	1.0	1.0	
709	38819.0	8045.891	10387.0	2876.4175	8392.0	2261.584	1.0	1.0	1.0	1.0	
710	38710.0	8019.761	10443.0	2890.9575	8445.0	2273.1758	1.0	1.0	1.0	1.0	
711	38589.0	7987.4683	10504.0	2908.8606	8505.0	2287.5647	1.0	1.0	1.0	1.0	
712	38478.0	7960.353	10565.0	2923.9404	8555.0	2299.5986	1.0	1.0	1.0	1.0	
713	38355.0	7930.2183	10631.0	2940.694	8612.0	2312.9775	1.0	1.0	1.0	1.0	
714	38231.0	7898.5015	10695.0	2958.0962	8672.0	2327.2986	1.0	1.0	1.0	1.0	
715	38113.0	7868.98	10764.0	2976.1858	8721.0	2338.7302	1.0	1.0	1.0	1.0	
716	37999.0	7839.4497	10832.0	2995.149	8767.0	2349.2996	1.0	1.0	1.0	1.0	
717	37881.0	7808.9873	10902.0	3014.0767	8815.0	2360.834	1.0	1.0	1.0	1.0	
718	37743.0	7770.6616	10988.0	3040.3167	8867.0	2372.9192	1.0	1.0	1.0	1.0	
719	37600.0	7735.871	11065.0	3059.3772	8933.0	2388.651	1.0	1.0	1.0	1.0	
720	37451.0	7696.232	11164.0	3086.4888	8983.0	2401.1765	1.0	1.0	1.0	1.0	
721	37297.0	7657.0356	11268.0	3112.785	9033.0	2414.076	1.0	1.0	1.0	1.0	
722	37154.0	7619.5156	11366.0	3137.818	9078.0	2426.5603	1.0	1.0	1.0	1.0	
723	37005.0	7580.061	11446.0	3157.9143	9147.0	2445.9158	1.0	1.0	1.0	1.0	
724	36865.0	7542.0063	11527.0	3178.9453	9206.0	2462.941	1.0	1.0	1.0	1.0	
725	36736.0	7507.7974	11600.0	3196.9973	9262.0	2479.1028	1.0	1.0	1.0	1.0	
726	36615.0	7472.7217	11659.0	3214.212	9324.0	2496.962	1.0	1.0	1.0	1.0	
727	36484.0	7435.454	11725.0	3232.2627	9389.0	2516.1797	1.0	1.0	1.0	1.0	
728	36348.0	7394.681	11790.0	3250.0244	9460.0	2539.197	1.0	1.0	1.0	1.0	
729	36197.0	7350.407	11852.0	3267.2034	9549.0	2566.2915	1.0	1.0	1.0	1.0	
730	36082.0	7317.775	11899.0	3279.7778	9617.0	2586.349	1.0	1.0	1.0	1.0	
731	35970.0	7286.6694	11945.0	3291.3552	9683.0	2605.88	1.0	1.0	1.0	1.0	
732	35838.0	7249.2515	12003.0	3305.9927	9757.0	2628.6611	1.0	1.0	1.0	1.0	
733	35705.0	7212.8237	12060.0	3319.4119	9833.0	2651.669	1.0	1.0	1.0	1.0	
734	35564.0	7175.114	12124.0	3335.4668	9910.0	2673.3218	1.0	1.0	1.0	1.0	
735	35454.0	7146.0513	12181.0	3349.7937	9963.0	2688.0579	1.0	1.0	1.0	1.0	
736	35330.0	7113.286	12240.0	3363.9868	10028.0	2706.6328	1.0	1.0	1.0	1.0	
737	35214.0	7080.584	12292.0	3377.6655	10092.0	2725.6555	1.0	1.0	1.0	1.0	
738	35078.0	7045.836	12362.0	3393.3281	10158.0	2744.7412	1.0	1.0	1.0	1.0	
739	34960.0	7016.4746	12413.0	3404.1196	10225.0	2763.3152	1.0	1.0	1.0	1.0	
740	34829.0	6984.635	12477.0	3418.127	10292.0	2781.144	1.0	1.0	1.0	1.0	
741	34708.0	6956.144	12537.0	3431.0115	10353.0	2796.7502	1.0	1.0	1.0	1.0	
742	34603.0	6926.506	12588.0	3443.8848	10407.0	2813.5173	1.0	1.0	1.0	1.0	
743	34504.0	6899.5493	12640.0	3457.1787	10454.0	2827.1792	1.0	1.0	1.0	1.0	
744	34393.0	6870.1123	12691.0	3469.4062	10514.0	2844.386	1.0	1.0	1.0	1.0	
745	34299.0	6846.811	12744.0	3480.849	10555.0	2856.2427	1.0	1.0	1.0	1.0	
746	34194.0	6820.5786	12793.0	3492.547	10611.0	2870.7778	1.0	1.0	1.0	1.0	
747	34097.0	6796.238	12850.0	3506.6016	10651.0	2881.0652	1.0	1.0	1.0	1.0	
748	33996.0	6767.2925	12901.0	3520.5593	10701.0	2896.0513	1.0	1.0	1.0	1.0	
749	33900.0	6743.016	12948.0	3532.3303	10750.0	2908.5562	1.0	1.0	1.0	1.0	
750	33803.0	6716.6055	13001.0	3546.957	10794.0	2920.3438	1.0	1.0	1.0	1.0	
751	33701.0	6691.8955	13054.0	3560.3367	10843.0	2931.6768	1.0	1.0	1.0	1.0	
752	33612.0	6669.4824	13092.0	3569.1196	10894.0	2945.306	1.0	1.0	1.0	1.0	
753	33509.0	6645.046	13134.0	3577.72	10955.0	2961.1396	1.0	1.0	1.0	1.0	
754	33406.0	6618.3984	13185.0	3589.7976	11007.0	2975.713	1.0	1.0	1.0	1.0	
755	33280.0	6585.9414	13247.0	3604.1636	11071.0	2993.806	1.0	1.0	1.0	1.0	
756	33175.0	6558.663	13305.0	3617.6255	11118.0	3007.6216	1.0	1.0	1.0	1.0	
757	33080.0	6535.3267	13353.0	3627.9324	11165.0	3020.6504	1.0	1.0	1.0	1.0	
758	32985.0	6508.9497	13387.0	3635.6091	11226.0	3039.3506	1.0	1.0	1.0	1.0	
759	32878.0	6480.563	13435.0	3647.072	11285.0	3056.2751	1.0	1.0	1.0	1.0	
760	32771.0	6452.412	13474.0	3656.026	11353.0	3075.469	1.0	1.0	1.0	1.0	
761	32669.0	6424.692	13525.0	3668.4766	11404.0	3090.7378	1.0	1.0	1.0	1.0	
762	32571.0	6396.144	13566.0	3678.2683	11461.0	3109.4941	1.0	1.0	1.0	1.0	
763	32459.0	6363.618	13609.0	3688.359	11530.0	3131.926	1.0	1.0	1.0	1.0	
764	32371.0	6339.0938	13650.0	3698.7437	11577.0	3146.0662	1.0	1.0	1.0	1.0	
765	32282.0	6315.17	13683.0	3706.1692	11633.0	3162.5654	1.0	1.0	1.0	1.0	
766	32199.0	6294.2485	13719.0	3713.7334	11680.0	3175.922	1.0	1.0	1.0	1.0	
767	32091.0	6266.0947	13763.0	3722.342	11744.0	3195.4648	1.0	1.0	1.0	1.0	
768	32007.0	6242.416	13791.0	3728.4216	11800.0	3213.064	1.0	1.0	1.0	1.0	
769	31909.0	6216.596	13825.0	3734.3765	11864.0	3232.929	1.0	1.0	1.0	1.0	
770	31814.0	6189.8325	13861.0	3741.7046	11922.0	3252.235	1.0	1.0	2.0	1.1305339	
771	31721.0	6163.994	13890.0	3747.4932	11985.0	3272.1582	1.0	1.0	3.0	1.2558622	
772	31631.0	6138.4585	13921.0	3753.8667	12043.0	3291.1606	1.0	1.0	4.0	1.415835	
773	31529.0	6109.0405	13958.0	3762.2314	12107.0	3312.0447	1.0	1.0	5.0	1.5865108	
774	31430.0	6080.4033	13999.0	3771.5007	12165.0	3331.412	1.0	1.0	5.0	1.5865108	
775	31321.0	6050.2656	14042.0	3779.856	12231.0	3353.1929	1.0	1.0	5.0	1.5865108	
776	31207.0	6019.85	14078.0	3787.4128	12309.0	3376.0518	1.0	1.0	5.0	1.5865108	
777	31089.0	5989.9287	14112.0	3794.4976	12393.0	3398.888	1.0	1.0	5.0	1.5865108	
778	30994.0	5964.31	14137.0	3799.858	12463.0	3419.1455	1.0	1.0	5.0	1.5865108	
779	30906.0	5941.729	14162.0	3804.4531	12526.0	3437.1328	1.0	1.0	5.0	1.5865108	
780	30805.0	5920.226	14196.0	3809.9065	12593.0	3453.1807	1.0	1.0	5.0	1.5865108	
781	30710.0	5898.6973	14226.0	3815.9902	12658.0	3468.6243	1.0	1.0	5.0	1.5865108	
782	30625.0	5878.115	14252.0	3820.4795	12717.0	3484.7168	1.0	1.0	5.0	1.5865108	
783	30543.0	5859.741	14275.0	3824.7588	12776.0	3498.8115	1.0	1.0	5.0	1.5865108	
784	30448.0	5838.3784	14302.0	3829.9487	12844.0	3514.9856	1.0	1.0	5.0	1.5865108	
785	30372.0	5819.593	14326.0	3835.8816	12896.0	3527.8381	1.0	1.0	5.0	1.5865108	
786	30278.0	5798.103	14363.0	3843.4658	12953.0	3541.7432	1.0	1.0	5.0	1.5865108	
787	30178.0	5772.6973	14395.0	3852.1675	13021.0	3558.4456	1.0	1.0	5.0	1.5865108	
788	30095.0	5751.0327	14428.0	3860.8953	13071.0	3571.3833	1.0	1.0	5.0	1.5865108	
789	30006.0	5727.1973	14474.0	3873.5713	13114.0	3582.5427	1.0	1.0	5.0	1.5865108	
790	29914.0	5702.8438	14513.0	3884.5825	13167.0	3595.8855	1.0	1.0	5.0	1.5865108	
791	29836.0	5682.8877	14548.0	3894.6897	13210.0	3605.7312	1.0	1.0	5.0	1.5865108	
792	29742.0	5658.9062	14588.0	3905.3923	13264.0	3619.0115	1.0	1.0	5.0	1.5865108	
793	29658.0	5634.4854	14629.0	3917.5842	13307.0	3631.2417	1.0	1.0	5.0	1.5865108	
794	29588.0	5615.309	14659.0	3926.4575	13347.0	3641.5461	1.0	1.0	5.0	1.5865108	
795	29518.0	5596.8477	14699.0	3937.2974	13377.0	3649.1667	1.0	1.0	5.0	1.5865108	
796	29448.0	5579.418	14731.0	3946.2922	13415.0	3657.6023	1.0	1.0	5.0	1.5865108	
797	29372.0	5561.1	14769.0	3956.0156	13453.0	3666.1965	1.0	1.0	5.0	1.5865108	
798	29303.0	5544.137	14806.0	3965.6653	13485.0	3673.509	1.0	1.0	5.0	1.5865108	
799	29227.0	5524.1562	14850.0	3977.1018	13517.0	3682.053	1.0	1.0	5.0	1.5865108	
800	29147.0	5503.77	14901.0	3990.5686	13546.0	3688.9717	1.0	1.0	5.0	1.5865108	
801	29070.0	5484.0483	14943.0	4002.1694	13581.0	3697.0906	1.0	1.0	5.0	1.5865108	
802	29000.0	5465.121	14982.0	4013.256	13612.0	3704.9304	1.0	1.0	5.0	1.5865108	
803	28932.0	5447.3975	15011.0	4021.3535	13651.0	3714.5562	1.0	1.0	5.0	1.5865108	
804	28869.0	5429.888	15050.0	4031.8967	13675.0	3721.5215	1.0	1.0	5.0	1.5865108	
805	28789.0	5410.8315	15093.0	4042.6199	13712.0	3729.8577	1.0	1.0	5.0	1.5865108	
806	28720.0	5393.162	15131.0	4052.4995	13743.0	3737.6458	1.0	1.0	5.0	1.5865108	
807	28653.0	5376.522	15172.0	4062.986	13769.0	3743.7996	1.0	1.0	5.0	1.5865108	
808	28581.0	5358.507	15216.0	4074.2039	13797.0	3750.5974	1.0	1.0	5.0	1.5865108	
809	28523.0	5344.339	15254.0	4083.3171	13817.0	3755.6538	1.0	1.0	5.0	1.5865108	
810	28465.0	5330.3867	15288.0	4092.419	13841.0	3760.506	1.0	1.0	5.0	1.5865108	
811	28405.0	5316.1167	15330.0	4102.8667	13859.0	3764.3284	1.0	1.0	5.0	1.5865108	
812	28351.0	5302.821	15365.0	4111.9307	13878.0	3768.5588	1.0	1.0	5.0	1.5865108	
813	28290.0	5286.559	15400.0	4122.1475	13904.0	3774.6045	1.0	1.0	5.0	1.5865108	
814	28228.0	5270.6094	15438.0	4132.077	13928.0	3780.6292	1.0	1.0	5.0	1.5865108	
815	28169.0	5255.264	15469.0	4140.7734	13956.0	3787.2754	1.0	1.0	5.0	1.5865108	
816	28113.0	5239.552	15498.0	4150.206	13983.0	3793.5554	1.0	1.0	5.0	1.5865108	
817	28057.0	5222.7354	15531.0	4161.1963	14006.0	3799.3853	1.0	1.0	5.0	1.5865108	
818	27997.0	5205.261	15573.0	4174.5664	14024.0	3803.4878	1.0	1.0	5.0	1.5865108	
819	27927.0	5185.6978	15617.0	4188.449	14050.0	3809.168	1.0	1.0	5.0	1.5865108	
820	27864.0	5167.7896	15658.0	4200.181	14072.0	3815.345	1.0	1.0	5.0	1.5865108	
821	27796.0	5148.9375	15700.0	4212.187	14098.0	3822.189	1.0	1.0	5.0	1.5865108	
822	27723.0	5129.3457	15744.0	4224.3555	14127.0	3829.614	1.0	1.0	5.0	1.5865108	
823	27660.0	5114.6396	15790.0	4234.8364	14144.0	3833.8384	1.0	1.0	5.0	1.5865108	
824	27607.0	5102.7593	15824.0	4242.6963	14163.0	3837.8577	1.0	1.0	5.0	1.5865108	
825	27552.0	5090.613	15858.0	4249.863	14184.0	3842.838	1.0	1.0	5.0	1.5865108	
826	27497.0	5078.045	15886.0	4256.1074	14211.0	3849.1584	1.0	1.0	5.0	1.5865108	
827	27448.0	5066.5645	15914.0	4262.704	14232.0	3854.0415	1.0	1.0	5.0	1.5865108	
828	27399.0	5056.043	15945.0	4269.3076	14250.0	3857.9622	1.0	1.0	5.0	1.5865108	
829	27347.0	5046.0674	15971.0	4273.5986	14276.0	3863.6482	1.0	1.0	5.0	1.5865108	
830	27301.0	5035.3755	16000.0	4279.9097	14293.0	3868.0305	1.0	1.0	5.0	1.5865108	
831	27251.0	5025.2573	16031.0	4285.9536	14312.0	3872.1047	1.0	1.0	5.0	1.5865108	
832	27203.0	5015.458	16061.0	4291.711	14330.0	3876.1448	1.0	1.0	5.0	1.5865108	
833	27159.0	5007.411	16093.0	4297.916	14342.0	3877.9841	1.0	1.0	5.0	1.5865108	
834	27123.0	5000.6836	16113.0	4301.552	14358.0	3881.0771	1.0	1.0	5.0	1.5865108	
835	27086.0	4994.229	16138.0	4306.0894	14370.0	3882.9922	1.0	1.0	5.0	1.5865108	
836	27046.0	4986.257	16157.0	4309.496	14391.0	3887.5579	1.0	1.0	5.0	1.5865108	
837	27015.0	4980.7886	16177.0	4313.5527	14402.0	3888.9695	1.0	1.0	5.0	1.5865108	
838	26977.0	4973.489	16201.0	4318.46	14416.0	3891.3635	1.0	1.0	5.0	1.5865108	
839	26941.0	4967.231	16220.0	4321.6694	14433.0	3894.4102	1.0	1.0	5.0	1.5865108	
840	26912.0	4961.7656	16238.0	4324.6597	14444.0	3896.8862	1.0	1.0	5.0	1.5865108	
841	26890.0	4957.4307	16248.0	4326.302	14456.0	3899.58	1.0	1.0	5.0	1.5865108	
842	26862.0	4951.8984	16264.0	4329.467	14468.0	3901.9463	1.0	1.0	5.0	1.5865108	
843	26842.0	4947.7134	16275.0	4331.5654	14477.0	3904.034	1.0	1.0	5.0	1.5865108	
844	26819.0	4942.91	16286.0	4333.8496	14489.0	3906.5525	1.0	1.0	5.0	1.5865108	
845	26784.0	4936.235	16305.0	4337.713	14505.0	3909.363	1.0	1.0	5.0	1.5865108	
846	26756.0	4930.4473	16325.0	4342.031	14513.0	3910.8315	1.0	1.0	5.0	1.5865108	
847	26725.0	4925.257	16347.0	4345.438	14522.0	3912.6145	1.0	1.0	5.0	1.5865108	
848	26693.0	4919.366	16370.0	4349.8687	14531.0	3914.076	1.0	1.0	5.0	1.5865108	
849	26662.0	4912.9365	16389.0	4354.262	14543.0	3916.1118	1.0	1.0	5.0	1.5865108	
850	26632.0	4906.956	16397.0	4355.373	14565.0	3920.982	1.0	1.0	5.0	1.5865108	
851	26603.0	4901.4453	16414.0	4358.764	14577.0	3923.1	1.0	1.0	5.0	1.5865108	
852	26576.0	4895.9565	16428.0	4362.118	14590.0	3925.2349	1.0	1.0	5.0	1.5865108	
853	26544.0	4889.0894	16451.0	4367.419	14599.0	3926.8027	1.0	1.0	5.0	1.5865108	
854	26526.0	4885.072	16459.0	4369.2256	14609.0	3929.0154	1.0	1.0	5.0	1.5865108	
855	26502.0	4880.481	16473.0	4372.0293	14619.0	3930.805	1.0	1.0	5.0	1.5865108	
856	26477.0	4875.921	16487.0	4374.4917	14630.0	3932.9036	1.0	1.0	5.0	1.5865108	
857	26443.0	4870.3833	16499.0	4376.4834	14651.0	3936.331	1.0	1.0	6.0	1.7073356	
858	26417.0	4866.5054	16515.0	4379.0825	14661.0	3937.611	1.0	1.0	6.0	1.7073356	
859	26390.0	4862.374	16528.0	4380.7607	14675.0	3940.064	1.0	1.0	6.0	1.7073356	
860	26367.0	4857.1875	16539.0	4382.892	14687.0	3943.1191	1.0	1.0	6.0	1.7073356	
861	26337.0	4850.235	16555.0	4386.3486	14701.0	3946.6174	1.0	1.0	6.0	1.7073356	
862	26311.0	4844.6743	16571.0	4389.747	14711.0	3948.7805	1.0	1.0	6.0	1.7073356	
863	26280.0	4838.2476	16589.0	4393.175	14724.0	3951.7798	1.0	1.0	6.0	1.7073356	
864	26251.0	4833.3145	16608.0	4396.4014	14734.0	3953.4863	1.0	1.0	6.0	1.7073356	
865	26217.0	4826.425	16622.0	4399.172	14754.0	3957.6042	1.0	1.0	6.0	1.7073356	
866	26188.0	4821.5347	16638.0	4401.9053	14767.0	3959.7615	1.0	1.0	6.0	1.7073356	
867	26157.0	4816.5386	16658.0	4405.0605	14778.0	3961.6018	1.0	1.0	6.0	1.7073356	
868	26127.0	4810.936	16674.0	4408.0483	14792.0	3964.2146	1.0	1.0	6.0	1.7073356	
869	26096.0	4806.323	16695.0	4411.069	14802.0	3965.8083	1.0	1.0	6.0	1.7073356	
870	26061.0	4799.6587	16712.0	4413.9844	14820.0	3969.5571	1.0	1.0	6.0	1.7073356	
871	26023.0	4792.8496	16733.0	4417.419	14837.0	3972.9329	1.0	1.0	6.0	1.7073356	
872	25991.0	4786.8945	16752.0	4420.7114	14850.0	3975.5957	1.0	1.0	6.0	1.7073356	
873	25957.0	4780.437	16774.0	4424.85	14862.0	3977.9175	1.0	1.0	6.0	1.7073356	
874	25919.0	4773.4233	16795.0	4428.655	14879.0	3981.1272	1.0	1.0	6.0	1.7073356	
875	25889.0	4767.2397	16813.0	4432.3755	14891.0	3983.591	1.0	1.0	6.0	1.7073356	
876	25857.0	4761.0225	16830.0	4435.8257	14906.0	3986.3594	1.0	1.0	6.0	1.7073356	
877	25821.0	4754.9277	16850.0	4438.981	14922.0	3989.3005	1.0	1.0	6.0	1.7073356	
878	25783.0	4747.518	16875.0	4443.4976	14935.0	3992.1917	1.0	1.0	6.0	1.7073356	
879	25746.0	4740.4297	16896.0	4446.802	14950.0	3995.8213	1.0	1.0	7.0	1.8616817	
880	25708.0	4732.9473	16911.0	4449.261	14973.0	4000.844	1.0	1.0	7.0	1.8616817	
881	25682.0	4728.193	16929.0	4452.934	14981.0	4001.928	1.0	1.0	7.0	1.8616817	
882	25658.0	4724.866	16941.0	4454.6284	14993.0	4003.5608	1.0	1.0	7.0	1.8616817	
883	25632.0	4719.193	16954.0	4457.5474	15006.0	4006.317	1.0	1.0	7.0	1.8616817	
884	25596.0	4712.0034	16971.0	4460.896	15025.0	4010.1567	1.0	1.0	7.0	1.8616817	
885	25565.0	4706.6807	16986.0	4463.423	15041.0	4012.9524	1.0	1.0	7.0	1.8616817	
886	25542.0	4701.3325	16997.0	4466.504	15053.0	4015.2214	1.0	1.0	7.0	1.8616817	
887	25523.0	4697.8857	17006.0	4468.0312	15063.0	4017.1414	1.0	1.0	7.0	1.8616817	
888	25496.0	4692.102	17019.0	4470.6665	15077.0	4020.2896	1.0	1.0	7.0	1.8616817	
889	25465.0	4686.0967	17033.0	4473.648	15094.0	4023.3137	1.0	1.0	7.0	1.8616817	
890	25435.0	4679.7017	17049.0	4477.12	15108.0	4026.237	1.0	1.0	7.0	1.8616817	
891	25406.0	4674.4673	17063.0	4479.3647	15123.0	4029.226	1.0	1.0	7.0	1.8616817	
892	25377.0	4668.601	17076.0	4481.855	15139.0	4032.601	1.0	1.0	7.0	1.8616817	
893	25342.0	4662.1533	17092.0	4484.5737	15158.0	4036.3328	1.0	1.0	7.0	1.8616817	
894	25316.0	4657.9517	17110.0	4487.4937	15166.0	4037.6143	1.0	1.0	7.0	1.8616817	
895	25282.0	4651.017	17127.0	4491.0146	15183.0	4041.03	1.0	1.0	7.0	1.8616817	
896	25257.0	4646.674	17142.0	4493.3823	15193.0	4043.0042	1.0	1.0	7.0	1.8616817	
897	25226.0	4641.007	17161.0	4496.773	15205.0	4045.28	1.0	1.0	7.0	1.8616817	
898	25195.0	4634.8384	17176.0	4499.6777	15221.0	4048.543	1.0	1.0	7.0	1.8616817	
899	25169.0	4631.1567	17186.0	4500.7627	15237.0	4051.1409	1.0	1.0	7.0	1.8616817	
900	25136.0	4624.915	17202.0	4503.8545	15254.0	4054.2886	1.0	1.0	7.0	1.8616817	
901	25104.0	4618.337	17216.0	4506.9863	15272.0	4057.7336	1.0	1.0	7.0	1.8616817	
902	25080.0	4614.0283	17231.0	4509.7017	15281.0	4059.327	1.0	1.0	7.0	1.8616817	
903	25058.0	4609.9126	17242.0	4511.9	15292.0	4061.2456	1.0	1.0	7.0	1.8616817	
904	25029.0	4604.644	17261.0	4514.8975	15302.0	4063.5176	1.0	1.0	7.0	1.8616817	
905	25006.0	4600.634	17272.0	4516.3228	15314.0	4066.1018	1.0	1.0	7.0	1.8616817	
906	24979.0	4595.73	17288.0	4518.734	15325.0	4068.595	1.0	1.0	7.0	1.8616817	
907	24959.0	4591.0225	17299.0	4521.492	15334.0	4070.5442	1.0	1.0	7.0	1.8616817	
908	24930.0	4585.025	17315.0	4524.594	15347.0	4073.442	1.0	1.0	7.0	1.8616817	
909	24910.0	4581.571	17324.0	4526.079	15358.0	4075.4114	1.0	1.0	7.0	1.8616817	
910	24888.0	4577.7446	17335.0	4527.97	15369.0	4077.347	1.0	1.0	7.0	1.8616817	
911	24867.0	4574.74	17346.0	4529.8447	15379.0	4078.476	1.0	1.0	7.0	1.8616817	
912	24853.0	4572.034	17355.0	4531.597	15384.0	4079.4292	1.0	1.0	7.0	1.8616817	
913	24823.0	4566.7607	17367.0	4533.9756	15402.0	4082.3242	1.0	1.0	7.0	1.8616817	
914	24803.0	4563.2583	17380.0	4536.3374	15409.0	4083.467	1.0	1.0	7.0	1.8616817	
915	24780.0	4558.6777	17393.0	4539.472	15419.0	4084.9136	1.0	1.0	7.0	1.8616817	
916	24757.0	4553.8745	17406.0	4542.238	15429.0	4086.9514	1.0	1.0	7.0	1.8616817	
917	24731.0	4548.3286	17421.0	4545.3335	15440.0	4089.4016	1.0	1.0	7.0	1.8616817	
918	24700.0	4542.61	17437.0	4548.08	15455.0	4092.375	1.0	1.0	7.0	1.8616817	
919	24673.0	4538.137	17452.0	4550.251	15467.0	4094.6738	1.0	1.0	7.0	1.8616817	
920	24650.0	4534.257	17467.0	4553.095	15475.0	4095.7085	1.0	1.0	7.0	1.8616817	
921	24616.0	4529.225	17482.0	4554.682	15494.0	4099.152	1.0	1.0	7.0	1.8616817	
922	24586.0	4523.5513	17496.0	4557.509	15510.0	4102.0005	1.0	1.0	7.0	1.8616817	
923	24572.0	4521.0747	17503.0	4558.9717	15517.0	4103.0127	1.0	1.0	7.0	1.8616817	
924	24536.0	4514.258	17522.0	4562.2974	15534.0	4106.505	1.0	1.0	7.0	1.8616817	
925	24513.0	4510.2505	17536.0	4564.8804	15543.0	4107.9316	1.0	1.0	7.0	1.8616817	
926	24486.0	4505.8633	17550.0	4567.301	15556.0	4109.9	1.0	1.0	7.0	1.8616817	
927	24470.0	4503.3706	17561.0	4569.307	15561.0	4110.386	1.0	1.0	7.0	1.8616817	
928	24444.0	4498.589	17574.0	4571.5034	15574.0	4112.972	1.0	1.0	7.0	1.8616817	
929	24415.0	4494.0	17589.0	4573.996	15588.0	4115.0684	1.0	1.0	7.0	1.8616817	
930	24390.0	4490.9517	17607.0	4576.9194	15595.0	4115.195	1.0	1.0	7.0	1.8616817	
931	24353.0	4482.634	17627.0	4580.665	15612.0	4119.766	1.0	1.0	7.0	1.8616817	
932	24324.0	4476.433	17647.0	4584.883	15621.0	4121.75	1.0	1.0	7.0	1.8616817	
933	24305.0	4472.3994	17658.0	4587.156	15629.0	4123.5127	1.0	1.0	7.0	1.8616817	
934	24288.0	4468.973	17662.0	4587.912	15642.0	4126.1816	1.0	1.0	7.0	1.8616817	
935	24266.0	4465.2075	17674.0	4589.739	15652.0	4128.1206	1.0	1.0	7.0	1.8616817	
936	24241.0	4460.777	17691.0	4592.5933	15660.0	4129.6987	1.0	1.0	7.0	1.8616817	
937	24221.0	4457.0024	17698.0	4593.7847	15673.0	4132.2812	1.0	1.0	7.0	1.8616817	
938	24203.0	4453.9717	17706.0	4595.134	15683.0	4133.9634	1.0	1.0	7.0	1.8616817	
939	24175.0	4449.0005	17721.0	4598.096	15696.0	4135.9727	1.0	1.0	7.0	1.8616817	
940	24157.0	4446.653	17729.0	4599.026	15706.0	4137.3926	1.0	1.0	7.0	1.8616817	
941	24146.0	4444.7603	17737.0	4600.8833	15709.0	4137.4277	1.0	1.0	7.0	1.8616817	
942	24106.0	4437.149	17758.0	4605.0127	15728.0	4140.909	1.0	1.0	7.0	1.8616817	
943	24086.0	4433.5376	17767.0	4606.8857	15739.0	4142.6484	1.0	1.0	7.0	1.8616817	
944	24057.0	4428.083	17779.0	4609.043	15756.0	4145.9478	1.0	1.0	7.0	1.8616817	
945	24040.0	4425.252	17785.0	4609.76	15767.0	4148.06	1.0	1.0	7.0	1.8616817	
946	24015.0	4420.5186	17800.0	4612.883	15777.0	4149.6704	1.0	1.0	7.0	1.8616817	
947	23991.0	4416.068	17809.0	4614.9473	15792.0	4152.0566	1.0	1.0	7.0	1.8616817	
948	23955.0	4409.46	17827.0	4618.551	15810.0	4155.0625	1.0	1.0	7.0	1.8616817	
949	23929.0	4404.869	17841.0	4621.063	15822.0	4157.141	1.0	1.0	7.0	1.8616817	
950	23911.0	4401.8906	17850.0	4622.7153	15831.0	4158.467	1.0	1.0	7.0	1.8616817	
951	23888.0	4396.8647	17861.0	4625.0493	15843.0	4161.1543	1.0	1.0	7.0	1.8616817	
952	23864.0	4392.9897	17874.0	4627.299	15854.0	4162.7817	1.0	1.0	7.0	1.8616817	
953	23838.0	4387.303	17883.0	4629.7515	15871.0	4166.0137	1.0	1.0	7.0	1.8616817	
954	23813.0	4381.5806	17896.0	4632.9116	15883.0	4168.5747	1.0	1.0	7.0	1.8616817	
955	23787.0	4377.3013	17911.0	4635.1406	15894.0	4170.626	1.0	1.0	7.0	1.8616817	
956	23766.0	4373.288	17919.0	4636.5244	15907.0	4173.254	1.0	1.0	7.0	1.8616817	
957	23738.0	4367.8335	17930.0	4638.415	15924.0	4176.8184	1.0	1.0	7.0	1.8616817	
958	23723.0	4364.715	17938.0	4640.2275	15931.0	4178.127	1.0	1.0	7.0	1.8616817	
959	23700.0	4360.217	17949.0	4642.133	15943.0	4180.72	1.0	1.0	7.0	1.8616817	
960	23677.0	4355.997	17957.0	4643.796	15958.0	4183.2773	1.0	1.0	7.0	1.8616817	
961	23665.0	4354.2866	17966.0	4645.087	15961.0	4183.6963	1.0	1.0	7.0	1.8616817	
962	23633.0	4348.8726	17984.0	4648.4834	15975.0	4185.715	1.0	1.0	7.0	1.8616817	
963	23611.0	4344.8105	17995.0	4650.208	15986.0	4188.0527	1.0	1.0	7.0	1.8616817	
964	23589.0	4340.366	18009.0	4653.094	15994.0	4189.6113	1.0	1.0	7.0	1.8616817	
965	23568.0	4336.0264	18020.0	4655.054	16004.0	4191.9893	1.0	1.0	7.0	1.8616817	
966	23554.0	4333.845	18030.0	4656.6963	16008.0	4192.529	1.0	1.0	7.0	1.8616817	
967	23533.0	4330.01	18041.0	4658.4053	16018.0	4194.6553	1.0	1.0	7.0	1.8616817	
968	23518.0	4327.0703	18054.0	4660.673	16020.0	4195.325	1.0	1.0	7.0	1.8616817	
969	23492.0	4322.4194	18071.0	4663.654	16029.0	4196.9966	1.0	1.0	7.0	1.8616817	
970	23475.0	4318.346	18082.0	4666.2515	16035.0	4198.472	1.0	1.0	7.0	1.8616817	
971	23453.0	4313.996	18093.0	4668.5034	16046.0	4200.5713	1.0	1.0	7.0	1.8616817	
972	23422.0	4308.829	18104.0	4670.8213	16066.0	4203.4204	1.0	1.0	7.0	1.8616817	
973	23397.0	4303.828	18117.0	4673.3486	16078.0	4205.892	1.0	1.0	7.0	1.8616817	
974	23379.0	4299.974	18124.0	4674.8413	16089.0	4208.2524	1.0	1.0	7.0	1.8616817	
975	23350.0	4293.8696	18136.0	4677.417	16106.0	4211.7812	1.0	1.0	7.0	1.8616817	
976	23331.0	4289.7866	18148.0	4679.6606	16113.0	4213.619	1.0	1.0	7.0	1.8616817	
977	23306.0	4285.062	18163.0	4682.7773	16123.0	4215.227	1.0	1.0	7.0	1.8616817	
978	23281.0	4280.66	18180.0	4685.738	16131.0	4216.667	1.0	1.0	7.0	1.8616817	
979	23251.0	4274.7915	18199.0	4689.0366	16142.0	4219.238	1.0	1.0	7.0	1.8616817	
980	23226.0	4269.914	18207.0	4690.9585	16159.0	4222.193	1.0	1.0	7.0	1.8616817	
981	23199.0	4265.3755	18222.0	4693.522	16171.0	4224.1665	1.0	1.0	7.0	1.8616817	
982	23168.0	4260.6226	18238.0	4696.2427	16186.0	4226.1987	1.0	1.0	7.0	1.8616817	
983	23142.0	4257.102	18247.0	4697.4795	16203.0	4228.482	1.0	1.0	7.0	1.8616817	
984	23116.0	4252.246	18259.0	4700.385	16217.0	4230.4336	1.0	1.0	7.0	1.8616817	
985	23095.0	4247.545	18268.0	4702.873	16229.0	4232.644	1.0	1.0	7.0	1.8616817	
986	23060.0	4241.642	18286.0	4706.0796	16246.0	4235.3403	1.0	1.0	7.0	1.8616817	
987	23028.0	4234.562	18301.0	4709.6636	16263.0	4238.8374	1.0	1.0	7.0	1.8616817	
988	23000.0	4229.6973	18313.0	4711.703	16279.0	4241.66	1.0	1.0	7.0	1.8616817	
989	22961.0	4222.869	18326.0	4714.202	16305.0	4245.9897	1.0	1.0	7.0	1.8616817	
990	22935.0	4217.992	18338.0	4716.5913	16319.0	4248.476	1.0	1.0	7.0	1.8616817	
991	22913.0	4213.858	18353.0	4719.6953	16326.0	4249.5083	1.0	1.0	7.0	1.8616817	
992	22884.0	4208.5605	18365.0	4722.0303	16343.0	4252.47	1.0	1.0	7.0	1.8616817	
993	22843.0	4201.877	18385.0	4725.175	16364.0	4256.008	1.0	1.0	7.0	1.8616817	
994	22813.0	4195.9443	18398.0	4728.3823	16381.0	4258.735	1.0	1.0	7.0	1.8616817	
995	22790.0	4192.082	18411.0	4730.4785	16391.0	4260.502	1.0	1.0	7.0	1.8616817	
996	22759.0	4186.675	18422.0	4732.608	16411.0	4263.7812	1.0	1.0	7.0	1.8616817	
997	22745.0	4184.5166	18429.0	4733.9146	16418.0	4264.6333	1.0	1.0	7.0	1.8616817	
998	22718.0	4179.02	18444.0	4737.1436	16430.0	4266.9023	1.0	1.0	7.0	1.8616817	
999	22699.0	4175.8506	18456.0	4739.109	16437.0	4268.106	1.0	1.0	7.0	1.8616817	
1000	22678.0	4171.4253	18469.0	4741.9653	16445.0	4269.676	1.0	1.0	7.0	1.8616817	
1001	22658.0	4168.136	18482.0	4744.2705	16452.0	4270.66	1.0	1.0	7.0	1.8616817	
1002	22635.0	4163.261	18491.0	4745.597	16466.0	4274.21	1.0	1.0	7.0	1.8616817	
1003	22609.0	4158.8696	18504.0	4748.1694	16479.0	4276.0303	1.0	1.0	7.0	1.8616817	
1004	22594.0	4155.684	18511.0	4749.509	16487.0	4277.876	1.0	1.0	7.0	1.8616817	
1005	22569.0	4151.3086	18520.0	4750.9395	16503.0	4280.8213	1.0	1.0	7.0	1.8616817	
1006	22543.0	4146.4634	18538.0	4754.2393	16511.0	4282.367	1.0	1.0	7.0	1.8616817	
1007	22512.0	4140.8374	18555.0	4757.609	16525.0	4284.6235	1.0	1.0	7.0	1.8616817	
1008	22493.0	4137.457	18570.0	4759.831	16529.0	4285.78	1.0	1.0	7.0	1.8616817	
1009	22472.0	4133.2764	18582.0	4762.0464	16538.0	4287.745	1.0	1.0	7.0	1.8616817	
1010	22457.0	4130.22	18587.0	4763.065	16548.0	4289.783	1.0	1.0	7.0	1.8616817	
1011	22436.0	4125.9443	18600.0	4765.479	16556.0	4291.6455	1.0	1.0	7.0	1.8616817	
1012	22415.0	4122.453	18611.0	4767.3164	16566.0	4293.298	1.0	1.0	7.0	1.8616817	
1013	22394.0	4118.917	18624.0	4769.4385	16574.0	4294.7134	1.0	1.0	7.0	1.8616817	
1014	22371.0	4113.983	18632.0	4771.1357	16589.0	4297.9463	1.0	1.0	7.0	1.8616817	
1015	22352.0	4110.231	18642.0	4773.373	16598.0	4299.461	1.0	1.0	7.0	1.8616817	
1016	22327.0	4104.9272	18656.0	4776.241	16609.0	4301.8955	1.0	1.0	7.0	1.8616817	
1017	22308.0	4100.922	18668.0	4778.9277	16616.0	4303.214	1.0	1.0	7.0	1.8616817	
1018	22273.0	4095.1228	18689.0	4782.9673	16630.0	4304.974	1.0	1.0	7.0	1.8616817	
1019	22247.0	4090.4321	18705.0	4785.5386	16640.0	4307.093	1.0	1.0	7.0	1.8616817	
1020	22222.0	4086.4622	18714.0	4786.682	16656.0	4309.919	1.0	1.0	7.0	1.8616817	
1021	22198.0	4081.8264	18727.0	4789.0874	16667.0	4312.151	1.0	1.0	7.0	1.8616817	
1022	22175.0	4077.782	18741.0	4791.4893	16676.0	4313.7944	1.0	1.0	7.0	1.8616817	
1023	22147.0	4073.8787	18754.0	4793.851	16691.0	4315.3364	1.0	1.0	7.0	1.8616817	
1024	22128.0	4069.8513	18760.0	4794.7896	16704.0	4318.427	1.0	1.0	7.0	1.8616817	
1025	22115.0	4066.7422	18766.0	4796.156	16711.0	4320.1685	1.0	1.0	7.0	1.8616817	
1026	22101.0	4064.8708	18778.0	4798.019	16713.0	4320.177	1.0	1.0	7.0	1.8616817	
1027	22080.0	4061.424	18789.0	4799.4272	16723.0	4322.217	1.0	1.0	7.0	1.8616817	
1028	22061.0	4058.5027	18800.0	4801.2983	16731.0	4323.268	1.0	1.0	7.0	1.8616817	
1029	22034.0	4052.8342	18812.0	4803.845	16746.0	4326.3916	1.0	1.0	7.0	1.8616817	
1030	22015.0	4048.7375	18823.0	4805.9937	16754.0	4328.34	1.0	1.0	7.0	1.8616817	
1031	22002.0	4047.2573	18831.0	4807.2056	16759.0	4328.608	1.0	1.0	7.0	1.8616817	
1032	21984.0	4043.6624	18841.0	4808.695	16767.0	4330.714	1.0	1.0	7.0	1.8616817	
1033	21954.0	4037.5273	18856.0	4812.126	16782.0	4333.4175	1.0	1.0	7.0	1.8616817	
1034	21927.0	4032.5835	18867.0	4814.3584	16798.0	4336.1294	1.0	1.0	7.0	1.8616817	
1035	21910.0	4029.8855	18875.0	4815.705	16807.0	4337.481	1.0	1.0	7.0	1.8616817	
1036	21886.0	4025.2908	18886.0	4817.564	16820.0	4340.217	1.0	1.0	7.0	1.8616817	
1037	21866.0	4021.9014	18898.0	4819.19	16828.0	4341.9805	1.0	1.0	7.0	1.8616817	
1038	21842.0	4017.614	18911.0	4821.42	16839.0	4344.038	1.0	1.0	7.0	1.8616817	
1039	21818.0	4013.503	18919.0	4822.5947	16855.0	4346.9736	1.0	1.0	7.0	1.8616817	
1040	21783.0	4006.8445	18940.0	4826.298	16869.0	4349.93	1.0	1.0	7.0	1.8616817	
1041	21764.0	4003.3447	18950.0	4828.146	16878.0	4351.5815	1.0	1.0	7.0	1.8616817	
1042	21729.0	3996.4536	18967.0	4831.5967	16896.0	4355.0225	1.0	1.0	7.0	1.8616817	
1043	21702.0	3991.942	18982.0	4833.9116	16908.0	4357.218	1.0	1.0	7.0	1.8616817	
1044	21685.0	3988.9248	18995.0	4836.004	16912.0	4358.1426	1.0	1.0	7.0	1.8616817	
1045	21658.0	3983.5352	19012.0	4839.158	16922.0	4360.3784	1.0	1.0	7.0	1.8616817	
1046	21628.0	3978.132	19031.0	4842.759	16933.0	4362.1807	1.0	1.0	7.0	1.8616817	
1047	21605.0	3974.013	19046.0	4844.5884	16941.0	4364.47	1.0	1.0	7.0	1.8616817	
1048	21582.0	3968.4314	19056.0	4847.3086	16954.0	4367.332	1.0	1.0	7.0	1.8616817	
1049	21555.0	3963.3203	19068.0	4849.667	16969.0	4370.0825	1.0	1.0	7.0	1.8616817	
1050	21533.0	3959.3386	19078.0	4851.5845	16981.0	4372.146	1.0	1.0	7.0	1.8616817	
1051	21525.0	3958.668	19082.0	4852.074	16985.0	4372.327	1.0	1.0	7.0	1.8616817	
1052	21511.0	3955.8018	19088.0	4853.7534	16993.0	4373.513	1.0	1.0	7.0	1.8616817	
1053	21493.0	3951.9983	19097.0	4855.446	17002.0	4375.624	1.0	1.0	7.0	1.8616817	
1054	21476.0	3949.0894	19107.0	4856.8037	17009.0	4377.1763	1.0	1.0	7.0	1.8616817	
1055	21451.0	3944.338	19119.0	4859.4673	17022.0	4379.2617	1.0	1.0	7.0	1.8616817	
1056	21424.0	3938.931	19132.0	4862.199	17036.0	4381.936	1.0	1.0	7.0	1.8616817	
1057	21406.0	3935.1177	19143.0	4864.7407	17043.0	4383.208	1.0	1.0	7.0	1.8616817	
1058	21383.0	3930.8564	19153.0	4866.518	17056.0	4385.6904	1.0	1.0	7.0	1.8616817	
1059	21362.0	3926.4658	19166.0	4869.2085	17064.0	4387.39	1.0	1.0	7.0	1.8616817	
1060	21336.0	3922.0403	19176.0	4870.862	17080.0	4390.1626	1.0	1.0	7.0	1.8616817	
1061	21308.0	3916.8252	19189.0	4873.5586	17095.0	4392.6826	1.0	1.0	7.0	1.8616817	
1062	21290.0	3914.0981	19197.0	4874.963	17105.0	4394.0034	1.0	1.0	7.0	1.8616817	
1063	21271.0	3910.6082	19205.0	4876.004	17116.0	4396.4536	1.0	1.0	7.0	1.8616817	
1064	21244.0	3905.4473	19215.0	4878.054	17133.0	4399.5645	1.0	1.0	7.0	1.8616817	
1065	21221.0	3901.8887	19230.0	4880.5186	17141.0	4400.6587	1.0	1.0	7.0	1.8616817	
1066	21198.0	3898.032	19242.0	4882.6636	17152.0	4402.3706	1.0	1.0	7.0	1.8616817	
1067	21181.0	3895.4648	19249.0	4883.518	17162.0	4404.0835	1.0	1.0	7.0	1.8616817	
1068	21159.0	3891.5947	19261.0	4886.007	17172.0	4405.465	1.0	1.0	7.0	1.8616817	
1069	21142.0	3888.2915	19268.0	4887.2554	17182.0	4407.52	1.0	1.0	7.0	1.8616817	
1070	21126.0	3885.2312	19280.0	4889.617	17186.0	4408.219	1.0	1.0	7.0	1.8616817	
1071	21105.0	3882.1182	19289.0	4890.7134	17198.0	4410.236	1.0	1.0	7.0	1.8616817	
1072	21077.0	3877.5696	19304.0	4892.975	17211.0	4412.5234	1.0	1.0	7.0	1.8616817	
1073	21047.0	3872.3755	19325.0	4896.593	17220.0	4414.0996	1.0	1.0	7.0	1.8616817	
1074	21033.0	3870.786	19333.0	4897.375	17226.0	4414.907	1.0	1.0	7.0	1.8616817	
1075	21005.0	3866.69	19349.0	4899.44	17238.0	4416.939	1.0	1.0	7.0	1.8616817	
1076	20975.0	3860.2249	19362.0	4902.692	17255.0	4420.1533	1.0	1.0	7.0	1.8616817	
1077	20959.0	3857.9033	19373.0	4904.2104	17260.0	4420.9575	1.0	1.0	7.0	1.8616817	
1078	20940.0	3853.932	19383.0	4906.37	17269.0	4422.769	1.0	1.0	7.0	1.8616817	
1079	20923.0	3850.9624	19388.0	4907.5576	17281.0	4424.552	1.0	1.0	7.0	1.8616817	
1080	20899.0	3846.568	19398.0	4909.391	17295.0	4427.113	1.0	1.0	7.0	1.8616817	
1081	20866.0	3840.0723	19415.0	4912.09	17311.0	4430.909	1.0	1.0	7.0	1.8616817	
1082	20839.0	3836.1194	19424.0	4913.607	17329.0	4433.3447	1.0	1.0	7.0	1.8616817	
1083	20816.0	3831.254	19435.0	4915.7515	17341.0	4436.0664	1.0	1.0	7.0	1.8616817	
1084	20794.0	3827.5347	19450.0	4918.3774	17348.0	4437.1616	1.0	1.0	7.0	1.8616817	
1085	20766.0	3822.506	19463.0	4920.6562	17363.0	4439.9097	1.0	1.0	7.0	1.8616817	
1086	20740.0	3818.0034	19476.0	4923.4336	17376.0	4441.6343	1.0	1.0	7.0	1.8616817	
1087	20712.0	3813.5115	19493.0	4926.1	17387.0	4443.4585	1.0	1.0	7.0	1.8616817	
1088	20687.0	3809.5505	19507.0	4928.2725	17398.0	4445.249	1.0	1.0	7.0	1.8616817	
1089	20666.0	3805.87	19520.0	4930.494	17406.0	4446.7085	1.0	1.0	7.0	1.8616817	
1090	20640.0	3801.395	19528.0	4931.6704	17424.0	4450.009	1.0	1.0	7.0	1.8616817	
1091	20606.0	3794.0967	19545.0	4935.669	17441.0	4453.308	1.0	1.0	7.0	1.8616817	
1092	20585.0	3791.1714	19558.0	4937.433	17449.0	4454.4688	1.0	1.0	7.0	1.8616817	
1093	20568.0	3788.3267	19566.0	4938.4214	17457.0	4456.1543	2.0	1.1712084	7.0	1.8616817	
1094	20544.0	3784.1416	19577.0	4940.258	17470.0	4458.502	2.0	1.1712084	7.0	1.8616817	
1095	20529.0	3781.201	19583.0	4941.452	17479.0	4460.249	2.0	1.1712084	7.0	1.8616817	
1096	20508.0	3777.604	19594.0	4943.14	17489.0	4462.157	2.0	1.1712084	7.0	1.8616817	
1097	20489.0	3774.524	19604.0	4944.494	17498.0	4463.884	2.0	1.1712084	7.0	1.8616817	
1098	20466.0	3771.3096	19618.0	4946.4756	17507.0	4465.116	2.0	1.1712084	7.0	1.8616817	
1099	20454.0	3769.7383	19623.0	4947.255	17514.0	4465.908	2.0	1.1712084	7.0	1.8616817	
1100	20440.0	3766.6836	19630.0	4948.814	17521.0	4467.4033	2.0	1.1712084	7.0	1.8616817	
1101	20406.0	3760.7292	19653.0	4952.5806	17532.0	4469.591	2.0	1.1712084	7.0	1.8616817	
1102	20383.0	3756.6416	19661.0	4953.5195	17547.0	4472.738	2.0	1.1712084	7.0	1.8616817	
1103	20365.0	3753.498	19667.0	4954.5854	17559.0	4474.816	2.0	1.1712084	7.0	1.8616817	
1104	20347.0	3750.5322	19674.0	4955.9688	17570.0	4476.398	2.0	1.1712084	7.0	1.8616817	
1105	20323.0	3745.5745	19686.0	4958.127	17582.0	4479.1973	2.0	1.1712084	7.0	1.8616817	
1106	20299.0	3740.9368	19695.0	4959.8687	17597.0	4482.0947	2.0	1.1712084	7.0	1.8616817	
1107	20278.0	3736.6792	19708.0	4962.3984	17605.0	4483.8223	2.0	1.1712084	7.0	1.8616817	
1108	20265.0	3733.9485	19713.0	4963.335	17613.0	4485.6177	2.0	1.1712084	7.0	1.8616817	
1109	20247.0	3730.867	19721.0	4964.628	17623.0	4487.4062	2.0	1.1712084	7.0	1.8616817	
1110	20221.0	3726.869	19738.0	4967.5464	17632.0	4488.485	2.0	1.1712084	7.0	1.8616817	
1111	20195.0	3722.0312	19751.0	4970.1816	17645.0	4490.6875	2.0	1.1712084	7.0	1.8616817	
1112	20175.0	3718.4023	19762.0	4972.1216	17654.0	4492.377	2.0	1.1712084	7.0	1.8616817	
1113	20154.0	3714.2578	19776.0	4975.0264	17661.0	4493.6177	2.0	1.1712084	7.0	1.8616817	
1114	20136.0	3710.5415	19786.0	4976.9487	17669.0	4495.4116	2.0	1.1712084	7.0	1.8616817	
1115	20123.0	3708.6567	19795.0	4978.059	17673.0	4496.1875	2.0	1.1712084	7.0	1.8616817	
1116	20096.0	3703.4058	19808.0	4980.531	17687.0	4498.9673	2.0	1.1712084	7.0	1.8616817	
1117	20089.0	3701.8645	19813.0	4981.608	17689.0	4499.432	2.0	1.1712084	7.0	1.8616817	
1118	20065.0	3697.713	19827.0	4984.0996	17699.0	4501.0923	2.0	1.1712084	7.0	1.8616817	
1119	20049.0	3694.674	19835.0	4986.0166	17707.0	4502.2134	2.0	1.1712084	7.0	1.8616817	
1120	20031.0	3691.688	19840.0	4986.6816	17720.0	4504.536	2.0	1.1712084	7.0	1.8616817	
1121	20011.0	3687.3506	19850.0	4988.691	17731.0	4507.0225	2.0	1.1712084	6.0	1.7017089	
1122	19997.0	3685.0571	19859.0	4990.329	17736.0	4507.6777	2.0	1.1712084	6.0	1.7017089	
1123	19977.0	3680.8542	19867.0	4992.117	17748.0	4510.0923	2.0	1.1712084	6.0	1.7017089	
1124	19958.0	3677.85	19878.0	4993.967	17756.0	4511.247	2.0	1.1712084	6.0	1.7017089	
1125	19944.0	3674.7915	19881.0	4994.5073	17766.0	4513.605	2.0	1.1712084	7.0	1.8616817	
1126	19925.0	3672.395	19888.0	4995.6396	17778.0	4514.8687	2.0	1.1712084	7.0	1.8616817	
1127	19905.0	3668.9895	19898.0	4997.645	17788.0	4516.2676	2.0	1.1712084	7.0	1.8616817	
1128	19889.0	3666.0686	19908.0	4999.364	17794.0	4517.469	2.0	1.1712084	7.0	1.8616817	
1129	19865.0	3660.8113	19919.0	5000.986	17807.0	4521.1025	2.0	1.1712084	7.0	1.8616817	
1130	19842.0	3657.2627	19932.0	5003.0054	17817.0	4522.6323	2.0	1.1712084	7.0	1.8616817	
1131	19820.0	3651.8445	19943.0	5005.9043	17828.0	4525.1533	2.0	1.1712084	7.0	1.8616817	
1132	19806.0	3649.7727	19955.0	5007.6655	17830.0	4525.4634	2.0	1.1712084	7.0	1.8616817	
1133	19794.0	3647.8389	19960.0	5008.1904	17837.0	4526.873	2.0	1.1712084	7.0	1.8616817	
1134	19776.0	3643.5398	19970.0	5010.6064	17845.0	4528.756	2.0	1.1712084	7.0	1.8616817	
1135	19762.0	3640.3337	19972.0	5010.991	17857.0	4531.577	2.0	1.1712084	7.0	1.8616817	
1136	19753.0	3639.369	19975.0	5011.4033	17863.0	4532.13	2.0	1.1712084	7.0	1.8616817	
1137	19727.0	3634.436	19988.0	5013.613	17876.0	4534.855	2.0	1.1712084	7.0	1.8616817	
1138	19709.0	3631.0002	19998.0	5015.6616	17884.0	4536.242	2.0	1.1712084	7.0	1.8616817	
1139	19685.0	3626.5781	20010.0	5017.589	17896.0	4538.736	2.0	1.1712084	7.0	1.8616817	
1140	19668.0	3623.8826	20018.0	5018.8423	17905.0	4540.1772	2.0	1.1712084	7.0	1.8616817	
1141	19651.0	3620.3171	20028.0	5021.2627	17912.0	4541.3228	2.0	1.1712084	7.0	1.8616817	
1142	19636.0	3617.8801	20038.0	5022.8784	17917.0	4542.144	2.0	1.1712084	7.0	1.8616817	
1143	19617.0	3613.8518	20048.0	5025.341	17926.0	4543.712	2.0	1.1712084	7.0	1.8616817	
1144	19604.0	3612.9949	20055.0	5026.1406	17932.0	4543.7676	2.0	1.1712084	7.0	1.8616817	
1145	19582.0	3608.21	20069.0	5028.228	17940.0	4546.466	2.0	1.1712084	7.0	1.8616817	
1146	19557.0	3603.0847	20079.0	5029.976	17955.0	4549.843	2.0	1.1712084	7.0	1.8616817	
1147	19535.0	3599.2585	20087.0	5031.109	17969.0	4552.534	2.0	1.1712084	7.0	1.8616817	
1148	19516.0	3597.2905	20097.0	5032.003	17978.0	4553.6084	2.0	1.1712084	7.0	1.8616817	
1149	19489.0	3591.8792	20107.0	5033.7812	17995.0	4557.2427	2.0	1.1712084	7.0	1.8616817	
1150	19471.0	3588.195	20118.0	5035.971	18002.0	4558.736	2.0	1.1712084	7.0	1.8616817	
1151	19450.0	3585.2065	20133.0	5038.2007	18008.0	4559.4956	2.0	1.1712084	7.0	1.8616817	
1152	19436.0	3582.9495	20137.0	5038.7095	18018.0	4561.2427	2.0	1.1712084	7.0	1.8616817	
1153	19411.0	3577.9753	20153.0	5042.0117	18027.0	4562.914	2.0	1.1712084	7.0	1.8616817	
1154	19395.0	3575.3296	20163.0	5043.871	18033.0	4563.7	2.0	1.1712084	7.0	1.8616817	
1155	19380.0	3573.058	20173.0	5045.384	18038.0	4564.46	2.0	1.1712084	7.0	1.8616817	
1156	19365.0	3569.578	20184.0	5048.368	18042.0	4564.9556	2.0	1.1712084	7.0	1.8616817	
1157	19342.0	3565.0466	20191.0	5049.495	18058.0	4568.359	2.0	1.1712084	7.0	1.8616817	
1158	19322.0	3561.4006	20202.0	5051.639	18067.0	4569.862	2.0	1.1712084	7.0	1.8616817	
1159	19306.0	3558.4626	20212.0	5053.365	18073.0	4571.0728	2.0	1.1712084	7.0	1.8616817	
1160	19286.0	3553.9636	20224.0	5056.0903	18081.0	4572.8467	2.0	1.1712084	7.0	1.8616817	
1161	19272.0	3551.3728	20232.0	5057.8193	18087.0	4573.707	2.0	1.1712084	7.0	1.8616817	
1162	19261.0	3549.463	20239.0	5058.9507	18091.0	4574.4854	2.0	1.1712084	7.0	1.8616817	
1163	19239.0	3546.595	20249.0	5059.9023	18103.0	4576.4	2.0	1.1712084	7.0	1.8616817	
1164	19222.0	3542.9077	20257.0	5061.873	18112.0	4578.116	2.0	1.1712084	7.0	1.8616817	
1165	19196.0	3538.1736	20263.0	5063.3184	18132.0	4581.405	2.0	1.1712084	7.0	1.8616817	
1166	19177.0	3534.836	20271.0	5064.6787	18143.0	4583.3804	2.0	1.1712084	7.0	1.8616817	
1167	19160.0	3531.8462	20282.0	5066.673	18149.0	4584.3755	2.0	1.1712084	7.0	1.8616817	
1168	19145.0	3528.8145	20291.0	5068.575	18155.0	4585.505	2.0	1.1712084	7.0	1.8616817	
1169	19121.0	3523.9392	20306.0	5071.94	18164.0	4587.0146	2.0	1.1712084	7.0	1.8616817	
1170	19105.0	3521.329	20313.0	5072.5576	18173.0	4589.006	2.0	1.1712084	7.0	1.8616817	
1171	19079.0	3516.9128	20327.0	5075.0093	18185.0	4590.97	2.0	1.1712084	7.0	1.8616817	
1172	19062.0	3514.2773	20338.0	5077.034	18191.0	4591.5815	2.0	1.1712084	7.0	1.8616817	
1173	19042.0	3511.4397	20349.0	5078.528	18200.0	4592.926	2.0	1.1712084	7.0	1.8616817	
1174	19014.0	3506.2625	20363.0	5081.0557	18214.0	4595.5747	2.0	1.1712084	7.0	1.8616817	
1175	18996.0	3502.1545	20373.0	5083.5615	18222.0	4597.1763	2.0	1.1712084	7.0	1.8616817	
1176	18984.0	3499.3735	20380.0	5085.4272	18227.0	4598.0913	2.0	1.1712084	7.0	1.8616817	
1177	18962.0	3495.3474	20392.0	5087.369	18237.0	4600.177	2.0	1.1712084	7.0	1.8616817	
1178	18945.0	3492.5454	20404.0	5089.466	18242.0	4600.8813	2.0	1.1712084	7.0	1.8616817	
1179	18924.0	3488.3518	20415.0	5091.6274	18252.0	4602.9136	2.0	1.1712084	7.0	1.8616817	
1180	18907.0	3485.5	20425.0	5092.93	18259.0	4604.462	2.0	1.1712084	7.0	1.8616817	
1181	18894.0	3483.222	20430.0	5093.6123	18267.0	4606.0576	2.0	1.1712084	7.0	1.8616817	
1182	18877.0	3479.9263	20435.0	5094.4087	18279.0	4608.557	2.0	1.1712084	7.0	1.8616817	
1183	18859.0	3476.9314	20445.0	5095.776	18287.0	4610.185	2.0	1.1712084	7.0	1.8616817	
1184	18838.0	3472.9895	20460.0	5098.679	18293.0	4611.223	2.0	1.1712084	7.0	1.8616817	
1185	18823.0	3469.4192	20470.0	5100.8716	18298.0	4612.602	2.0	1.1712084	7.0	1.8616817	
1186	18802.0	3466.053	20480.0	5102.112	18309.0	4614.7285	2.0	1.1712084	7.0	1.8616817	
1187	18784.0	3463.4097	20488.0	5103.1675	18319.0	4616.315	2.0	1.1712084	7.0	1.8616817	
1188	18764.0	3459.6797	20503.0	5105.9404	18324.0	4617.274	2.0	1.1712084	7.0	1.8616817	
1189	18747.0	3456.907	20513.0	5107.794	18331.0	4618.1934	2.0	1.1712084	7.0	1.8616817	
1190	18733.0	3454.573	20522.0	5109.0845	18336.0	4619.237	2.0	1.1712084	7.0	1.8616817	
1191	18722.0	3452.5217	20527.0	5110.0503	18342.0	4620.3228	2.0	1.1712084	7.0	1.8616817	
1192	18697.0	3447.4478	20537.0	5111.816	18357.0	4623.632	2.0	1.1712084	7.0	1.8616817	
1193	18674.0	3443.8687	20547.0	5112.889	18370.0	4626.138	2.0	1.1712084	7.0	1.8616817	
1194	18657.0	3440.0256	20557.0	5115.002	18377.0	4627.8687	2.0	1.1712084	7.0	1.8616817	
1195	18637.0	3436.5627	20571.0	5117.4087	18383.0	4628.924	2.0	1.1712084	7.0	1.8616817	
1196	18616.0	3432.2078	20586.0	5120.389	18389.0	4630.2993	2.0	1.1712084	7.0	1.8616817	
1197	18595.0	3428.2183	20596.0	5122.161	18400.0	4632.5176	2.0	1.1712084	7.0	1.8616817	
1198	18572.0	3424.1462	20607.0	5124.2627	18412.0	4634.487	2.0	1.1712084	7.0	1.8616817	
1199	18542.0	3418.7202	20621.0	5126.5625	18428.0	4637.6123	2.0	1.1712084	7.0	1.8616817	
1200	18525.0	3415.295	20632.0	5128.7773	18434.0	4638.823	2.0	1.1712084	7.0	1.8616817	
1201	18501.0	3411.139	20641.0	5130.508	18449.0	4641.2485	2.0	1.1712084	7.0	1.8616817	
1202	18483.0	3408.2815	20652.0	5132.0522	18456.0	4642.562	2.0	1.1712084	7.0	1.8616817	
1203	18471.0	3406.158	20658.0	5133.2847	18462.0	4643.4536	2.0	1.1712084	7.0	1.8616817	
1204	18453.0	3402.6357	20667.0	5135.3076	18471.0	4644.953	2.0	1.1712084	7.0	1.8616817	
1205	18432.0	3399.15	20676.0	5136.5474	18483.0	4647.199	2.0	1.1712084	7.0	1.8616817	
1206	18418.0	3396.858	20682.0	5137.7573	18491.0	4648.281	2.0	1.1712084	7.0	1.8616817	
1207	18402.0	3393.9575	20687.0	5138.414	18502.0	4650.5234	2.0	1.1712084	7.0	1.8616817	
1208	18379.0	3389.7021	20700.0	5140.672	18512.0	4652.521	2.0	1.1712084	7.0	1.8616817	
1209	18364.0	3387.7014	20707.0	5141.7373	18520.0	4653.4565	2.0	1.1712084	7.0	1.8616817	
1210	18347.0	3384.437	20720.0	5144.2896	18524.0	4654.168	2.0	1.1712084	7.0	1.8616817	
1211	18328.0	3380.8743	20735.0	5147.12	18528.0	4654.8994	2.0	1.1712084	7.0	1.8616817	
1212	18308.0	3377.1248	20746.0	5149.391	18537.0	4656.3784	2.0	1.1712084	7.0	1.8616817	
1213	18282.0	3371.9417	20761.0	5152.4536	18548.0	4658.4995	2.0	1.1712084	7.0	1.8616817	
1214	18268.0	3369.4692	20769.0	5154.034	18554.0	4659.391	2.0	1.1712084	7.0	1.8616817	
1215	18246.0	3364.951	20781.0	5156.9014	18564.0	4661.04	2.0	1.1712084	7.0	1.8616817	
1216	18232.0	3361.7068	20791.0	5159.2935	18568.0	4661.8936	2.0	1.1712084	7.0	1.8616817	
1217	18215.0	3359.1443	20796.0	5159.961	18580.0	4663.788	2.0	1.1712084	7.0	1.8616817	
1218	18196.0	3356.0193	20807.0	5161.9536	18588.0	4664.9194	2.0	1.1712084	7.0	1.8616817	
1219	18178.0	3352.8586	20818.0	5163.8022	18595.0	4666.233	2.0	1.1712084	7.0	1.8616817	
1220	18157.0	3349.052	20830.0	5165.7227	18604.0	4668.119	2.0	1.1712084	7.0	1.8616817	
1221	18141.0	3346.36	20836.0	5166.38	18614.0	4670.155	2.0	1.1712084	7.0	1.8616817	
1222	18128.0	3344.2693	20841.0	5167.1636	18622.0	4671.4624	2.0	1.1712084	7.0	1.8616817	
1223	18107.0	3339.7534	20856.0	5170.37	18628.0	4672.772	2.0	1.1712084	7.0	1.8616817	
1224	18089.0	3336.3235	20863.0	5171.77	18639.0	4674.8022	2.0	1.1712084	7.0	1.8616817	
1225	18069.0	3332.4722	20877.0	5174.4946	18645.0	4675.929	2.0	1.1712084	7.0	1.8616817	
1226	18045.0	3328.15	20890.0	5176.934	18656.0	4677.8105	2.0	1.1712084	7.0	1.8616817	
1227	18017.0	3324.043	20902.0	5178.6875	18672.0	4680.1665	2.0	1.1712084	7.0	1.8616817	
1228	18002.0	3321.9785	20909.0	5179.6675	18680.0	4681.2524	2.0	1.1712084	7.0	1.8616817	
1229	17984.0	3318.1248	20914.0	5180.809	18693.0	4683.964	2.0	1.1712084	7.0	1.8616817	
1230	17964.0	3315.044	20923.0	5181.892	18704.0	4685.9614	2.0	1.1712084	7.0	1.8616817	
1231	17942.0	3310.7598	20938.0	5184.7935	18711.0	4687.3438	2.0	1.1712084	7.0	1.8616817	
1232	17922.0	3306.658	20947.0	5187.0884	18722.0	4689.151	2.0	1.1712084	7.0	1.8616817	
1233	17898.0	3302.2375	20955.0	5188.555	18738.0	4692.1045	2.0	1.1712084	7.0	1.8616817	
1234	17889.0	3300.3088	20960.0	5189.997	18742.0	4692.591	2.0	1.1712084	7.0	1.8616817	
1235	17877.0	3298.829	20964.0	5190.283	18750.0	4693.7847	2.0	1.1712084	7.0	1.8616817	
1236	17848.0	3293.9778	20979.0	5193.046	18764.0	4695.8755	2.0	1.1712084	7.0	1.8616817	
1237	17834.0	3292.4438	20987.0	5194.262	18770.0	4696.193	2.0	1.1712084	7.0	1.8616817	
1238	17811.0	3287.884	21000.0	5196.455	18780.0	4698.5586	2.0	1.1712084	7.0	1.8616817	
1239	17795.0	3284.234	21007.0	5198.4404	18789.0	4700.223	2.0	1.1712084	7.0	1.8616817	
1240	17779.0	3280.8184	21013.0	5199.3667	18799.0	4702.7134	2.0	1.1712084	7.0	1.8616817	
1241	17761.0	3276.992	21019.0	5200.833	18811.0	4705.072	2.0	1.1712084	7.0	1.8616817	
1242	17750.0	3274.8901	21026.0	5202.0137	18815.0	4705.993	2.0	1.1712084	7.0	1.8616817	
1243	17736.0	3272.2153	21032.0	5202.641	18823.0	4708.042	2.0	1.1712084	7.0	1.8616817	
1244	17723.0	3270.4265	21037.0	5203.149	18831.0	4709.3223	2.0	1.1712084	7.0	1.8616817	
1245	17709.0	3267.3103	21045.0	5204.9663	18837.0	4710.621	2.0	1.1712084	7.0	1.8616817	
1246	17696.0	3265.7805	21048.0	5205.164	18847.0	4711.954	2.0	1.1712084	7.0	1.8616817	
1247	17676.0	3262.1714	21059.0	5206.568	18856.0	4714.16	2.0	1.1712084	7.0	1.8616817	
1248	17658.0	3258.8777	21070.0	5208.7783	18863.0	4715.243	2.0	1.1712084	7.0	1.8616817	
1249	17650.0	3256.8833	21074.0	5209.61	18867.0	4716.4053	2.0	1.1712084	7.0	1.8616817	
1250	17631.0	3253.4795	21083.0	5211.3135	18877.0	4718.105	2.0	1.1712084	7.0	1.8616817	
1251	17608.0	3249.6099	21099.0	5213.917	18884.0	4719.371	2.0	1.1712084	7.0	1.8616817	
1252	17591.0	3246.771	21109.0	5215.5156	18891.0	4720.612	2.0	1.1712084	7.0	1.8616817	
1253	17576.0	3245.1233	21117.0	5216.6133	18898.0	4721.1616	2.0	1.1712084	7.0	1.8616817	
1254	17564.0	3241.8079	21126.0	5219.107	18901.0	4721.9834	2.0	1.1712084	7.0	1.8616817	
1255	17545.0	3238.766	21139.0	5221.139	18907.0	4722.992	2.0	1.1712084	7.0	1.8616817	
1256	17529.0	3236.6426	21148.0	5222.2627	18914.0	4723.992	2.0	1.1712084	7.0	1.8616817	
1257	17502.0	3230.6736	21156.0	5223.6016	18933.0	4728.6235	2.0	1.1712084	7.0	1.8616817	
1258	17484.0	3228.1274	21165.0	5224.8633	18942.0	4729.9053	2.0	1.1712084	7.0	1.8616817	
1259	17455.0	3222.2556	21183.0	5228.5234	18953.0	4732.1157	2.0	1.1712084	7.0	1.8616817	
1260	17442.0	3219.9048	21188.0	5229.4067	18961.0	4733.583	2.0	1.1712084	7.0	1.8616817	
1261	17418.0	3214.934	21203.0	5232.498	18970.0	4735.4624	2.0	1.1712084	7.0	1.8616817	
1262	17405.0	3212.882	21208.0	5233.4478	18978.0	4736.565	2.0	1.1712084	7.0	1.8616817	
1263	17384.0	3209.2725	21215.0	5234.8545	18992.0	4738.768	2.0	1.1712084	7.0	1.8616817	
1264	17370.0	3206.3828	21221.0	5236.0596	19000.0	4740.453	2.0	1.1712084	7.0	1.8616817	
1265	17357.0	3203.9495	21226.0	5237.1567	19008.0	4741.7876	2.0	1.1712084	7.0	1.8616817	
1266	17337.0	3200.4424	21236.0	5239.1406	19018.0	4743.31	2.0	1.1712084	7.0	1.8616817	
1267	17321.0	3196.8027	21243.0	5240.7554	19027.0	4745.3345	2.0	1.1712084	7.0	1.8616817	
1268	17293.0	3191.1016	21261.0	5243.961	19037.0	4747.828	2.0	1.1712084	7.0	1.8616817	
1269	17273.0	3188.2559	21272.0	5245.465	19046.0	4749.171	2.0	1.1712084	7.0	1.8616817	
1270	17260.0	3185.9138	21282.0	5247.102	19049.0	4749.876	2.0	1.1712084	7.0	1.8616817	
1271	17246.0	3183.3232	21292.0	5248.8096	19053.0	4750.7603	2.0	1.1712084	7.0	1.8616817	
1272	17228.0	3179.1084	21304.0	5251.7163	19059.0	4752.0693	2.0	1.1712084	7.0	1.8616817	
1273	17208.0	3174.834	21314.0	5254.185	19069.0	4753.877	2.0	1.1712084	7.0	1.8616817	
1274	17198.0	3172.9668	21323.0	5255.987	19070.0	4753.9424	2.0	1.1712084	7.0	1.8616817	
1275	17179.0	3169.6892	21331.0	5257.1567	19081.0	4756.05	2.0	1.1712084	7.0	1.8616817	
1276	17168.0	3167.9602	21337.0	5257.7964	19086.0	4757.14	2.0	1.1712084	7.0	1.8616817	
1277	17152.0	3165.0798	21347.0	5259.538	19092.0	4758.2783	2.0	1.1712084	7.0	1.8616817	
1278	17134.0	3161.9487	21356.0	5261.206	19101.0	4759.7417	2.0	1.1712084	7.0	1.8616817	
1279	17119.0	3159.3386	21362.0	5261.9688	19110.0	4761.59	2.0	1.1712084	7.0	1.8616817	
1280	17105.0	3156.6968	21369.0	5263.3096	19117.0	4762.8906	2.0	1.1712084	7.0	1.8616817	
1281	17088.0	3153.844	21379.0	5265.1357	19124.0	4763.9165	2.0	1.1712084	7.0	1.8616817	
1282	17072.0	3150.3555	21385.0	5266.542	19134.0	4765.999	2.0	1.1712084	7.0	1.8616817	
1283	17054.0	3147.6777	21393.0	5267.726	19144.0	4767.493	2.0	1.1712084	7.0	1.8616817	
1284	17040.0	3144.8955	21400.0	5269.273	19151.0	4768.728	2.0	1.1712084	7.0	1.8616817	
1285	17019.0	3140.9868	21409.0	5271.06	19163.0	4770.849	2.0	1.1712084	7.0	1.8616817	
1286	16997.0	3137.1277	21420.0	5273.406	19174.0	4772.3623	2.0	1.1712084	7.0	1.8616817	
1287	16977.0	3133.132	21429.0	5275.021	19185.0	4774.744	2.0	1.1712084	7.0	1.8616817	
1288	16968.0	3132.4438	21436.0	5275.801	19187.0	4774.6523	2.0	1.1712084	7.0	1.8616817	
1289	16947.0	3128.3752	21446.0	5277.8936	19198.0	4776.6284	2.0	1.1712084	7.0	1.8616817	
1290	16923.0	3123.9053	21457.0	5279.495	19211.0	4779.496	2.0	1.1712084	7.0	1.8616817	
1291	16911.0	3121.8047	21464.0	5280.5054	19216.0	4780.5874	2.0	1.1712084	7.0	1.8616817	
1292	16890.0	3117.4644	21472.0	5282.022	19229.0	4783.4106	2.0	1.1712084	7.0	1.8616817	
1293	16879.0	3115.3882	21479.0	5283.37	19233.0	4784.14	2.0	1.1712084	7.0	1.8616817	
1294	16862.0	3111.5159	21490.0	5285.79	19239.0	4785.5923	2.0	1.1712084	7.0	1.8616817	
1295	16846.0	3108.9302	21498.0	5286.8022	19247.0	4787.1646	2.0	1.1712084	7.0	1.8616817	
1296	16827.0	3104.9446	21506.0	5288.0327	19258.0	4789.921	2.0	1.1712084	7.0	1.8616817	
1297	16811.0	3101.5037	21516.0	5290.1763	19264.0	4791.2188	2.0	1.1712084	7.0	1.8616817	
1298	16798.0	3099.4321	21523.0	5291.4907	19270.0	4791.9746	2.0	1.1712084	7.0	1.8616817	
1299	16788.0	3097.7395	21526.0	5292.039	19277.0	4793.118	2.0	1.1712084	7.0	1.8616817	
1300	16775.0	3095.3752	21530.0	5292.6895	19286.0	4794.833	2.0	1.1712084	7.0	1.8616817	
1301	16760.0	3092.4595	21538.0	5293.9185	19293.0	4796.519	2.0	1.1712084	7.0	1.8616817	
1302	16740.0	3088.9492	21546.0	5295.2754	19305.0	4798.673	2.0	1.1712084	7.0	1.8616817	
1303	16717.0	3084.894	21561.0	5297.6045	19313.0	4800.3984	2.0	1.1712084	7.0	1.8616817	
1304	16697.0	3081.194	21573.0	5299.9834	19321.0	4801.7207	2.0	1.1712084	7.0	1.8616817	
1305	16683.0	3078.2085	21579.0	5301.478	19329.0	4803.2124	2.0	1.1712084	7.0	1.8616817	
1306	16661.0	3074.7085	21588.0	5302.751	19342.0	4805.4385	2.0	1.1712084	7.0	1.8616817	
1307	16633.0	3069.995	21600.0	5304.538	19358.0	4808.364	2.0	1.1712084	7.0	1.8616817	
1308	16618.0	3067.7056	21607.0	5305.3027	19366.0	4809.8877	2.0	1.1712084	7.0	1.8616817	
1309	16606.0	3065.547	21614.0	5306.83	19371.0	4810.5186	2.0	1.1712084	7.0	1.8616817	
1310	16585.0	3061.5027	21623.0	5308.399	19383.0	4812.993	2.0	1.1712084	7.0	1.8616817	
1311	16566.0	3058.3054	21635.0	5310.391	19390.0	4814.1973	2.0	1.1712084	7.0	1.8616817	
1312	16550.0	3054.9612	21644.0	5312.022	19397.0	4815.9097	2.0	1.1712084	7.0	1.8616817	
1313	16529.0	3050.8027	21650.0	5313.248	19412.0	4818.843	2.0	1.1712084	7.0	1.8616817	
1314	16514.0	3047.5146	21657.0	5314.8164	19420.0	4820.563	2.0	1.1712084	7.0	1.8616817	
1315	16495.0	3044.6284	21667.0	5316.363	19429.0	4821.904	2.0	1.1712084	7.0	1.8616817	
1316	16474.0	3041.5938	21678.0	5318.1685	19439.0	4823.1323	2.0	1.1712084	7.0	1.8616817	
1317	16456.0	3038.2097	21689.0	5320.223	19446.0	4824.4614	2.0	1.1712084	7.0	1.8616817	
1318	16446.0	3036.0674	21695.0	5321.5596	19450.0	4825.2666	2.0	1.1712084	7.0	1.8616817	
1319	16433.0	3034.1958	21703.0	5322.6113	19455.0	4826.0854	2.0	1.1712084	7.0	1.8616817	
1320	16424.0	3033.0435	21706.0	5322.8374	19461.0	4827.011	2.0	1.1712084	7.0	1.8616817	
1321	16410.0	3030.2847	21717.0	5324.8926	19464.0	4827.713	2.0	1.1712084	7.0	1.8616817	
1322	16394.0	3026.6802	21726.0	5327.0664	19471.0	4829.143	2.0	1.1712084	7.0	1.8616817	
1323	16376.0	3023.6113	21736.0	5328.7163	19479.0	4830.5625	2.0	1.1712084	7.0	1.8616817	
1324	16357.0	3019.6833	21743.0	5330.415	19491.0	4832.793	2.0	1.1712084	7.0	1.8616817	
1325	16346.0	3018.4382	21748.0	5331.2236	19497.0	4833.2305	2.0	1.1712084	7.0	1.8616817	
1326	16333.0	3015.286	21755.0	5332.5977	19503.0	4835.0093	2.0	1.1712084	7.0	1.8616817	
1327	16316.0	3012.1907	21766.0	5334.756	19509.0	4835.946	2.0	1.1712084	7.0	1.8616817	
1328	16294.0	3008.715	21777.0	5336.335	19520.0	4837.842	2.0	1.1712084	7.0	1.8616817	
1329	16283.0	3007.5703	21779.0	5336.4204	19529.0	4838.9004	2.0	1.1712084	7.0	1.8616817	
1330	16256.0	3001.8857	21791.0	5338.9414	19544.0	4842.0654	2.0	1.1712084	7.0	1.8616817	
1331	16247.0	3002.2805	21793.0	5338.7104	19551.0	4841.9014	2.0	1.1712084	7.0	1.8616817	
1332	16233.0	3000.3196	21801.0	5339.7085	19557.0	4842.8647	2.0	1.1712084	7.0	1.8616817	
1333	16215.0	2996.3838	21808.0	5341.405	19568.0	4845.105	2.0	1.1712084	7.0	1.8616817	
1334	16192.0	2991.578	21818.0	5343.7715	19581.0	4847.5435	2.0	1.1712084	7.0	1.8616817	
1335	16185.0	2990.2214	21821.0	5344.504	19585.0	4848.1675	2.0	1.1712084	7.0	1.8616817	
1336	16177.0	2988.8977	21823.0	5344.9917	19591.0	4849.003	2.0	1.1712084	7.0	1.8616817	
1337	16167.0	2987.2734	21828.0	5345.4824	19596.0	4850.137	2.0	1.1712084	7.0	1.8616817	
1338	16144.0	2984.308	21842.0	5347.406	19605.0	4851.1797	2.0	1.1712084	7.0	1.8616817	
1339	16126.0	2980.5908	21852.0	5349.2603	19613.0	4853.044	2.0	1.1712084	7.0	1.8616817	
1340	16108.0	2976.9878	21862.0	5351.3613	19621.0	4854.545	2.0	1.1712084	7.0	1.8616817	
1341	16101.0	2976.0776	21865.0	5351.6865	19625.0	4855.13	2.0	1.1712084	7.0	1.8616817	
1342	16087.0	2973.1265	21875.0	5353.963	19629.0	4855.805	2.0	1.1712084	7.0	1.8616817	
1343	16078.0	2971.4314	21876.0	5354.0376	19637.0	4857.4253	2.0	1.1712084	7.0	1.8616817	
1344	16057.0	2967.7812	21887.0	5356.0503	19647.0	4859.0625	2.0	1.1712084	7.0	1.8616817	
