SIMULATION PARAMETERS:
n = 360
m = 640
k = 1
p = 4
recruit_likeliness = 0.01
defeat_likeliness = 0.75
starting_control = 100
resource_noise_scale = 0.06588078

SIMULATION DATA:
t	NATION -1 SIZE	NATION -1 RESOURCES	NATION 0 SIZE	NATION 0 RESOURCES	NATION 1 SIZE	NATION 1 RESOURCES	NATION 2 SIZE	NATION 2 RESOURCES	NATION 3 SIZE	NATION 3 RESOURCES	
0	0.0	0.0	0.0	0.0	0.0	0.0	0.0	0.0	0.0	0.0	
234	230396.0	52739.316	1.0	1.0	1.0	1.0	1.0	1.0	1.0	1.0	
235	230396.0	52739.316	1.0	1.0	1.0	1.0	1.0	1.0	1.0	1.0	
236	230396.0	52739.316	1.0	1.0	1.0	1.0	1.0	1.0	1.0	1.0	
237	230395.0	52739.02	2.0	1.2960641	1.0	1.0	1.0	1.0	1.0	1.0	
238	230393.0	52738.387	4.0	1.9293566	1.0	1.0	1.0	1.0	1.0	1.0	
239	230391.0	52737.69	6.0	2.6232984	1.0	1.0	1.0	1.0	1.0	1.0	
240	230389.0	52736.887	7.0	3.003757	2.0	1.4261345	1.0	1.0	1.0	1.0	
241	230385.0	52735.145	9.0	3.7754757	4.0	2.3957913	1.0	1.0	1.0	1.0	
242	230379.0	52732.45	11.0	4.6090364	8.0	4.2510386	1.0	1.0	1.0	1.0	
243	230372.0	52729.387	13.0	5.4662943	13.0	6.4591236	1.0	1.0	1.0	1.0	
244	230365.0	52726.45	15.0	6.3406153	18.0	8.52615	1.0	1.0	1.0	1.0	
245	230353.0	52721.035	18.0	7.764042	27.0	12.514409	1.0	1.0	1.0	1.0	
246	230344.0	52717.082	20.0	8.74253	34.0	15.47737	1.0	1.0	1.0	1.0	
247	230336.0	52713.88	21.0	9.184476	41.0	18.235792	1.0	1.0	1.0	1.0	
248	230324.0	52709.082	24.0	10.79321	49.0	21.319466	2.0	1.0948961	1.0	1.0	
249	230314.0	52705.44	28.0	12.596888	55.0	23.163685	2.0	1.0948961	1.0	1.0	
250	230300.0	52700.574	34.0	14.9671135	62.0	25.55221	3.0	1.2041742	1.0	1.0	
251	230281.0	52694.52	42.0	18.085258	69.0	28.041195	7.0	1.6551267	1.0	1.0	
252	230264.0	52689.184	47.0	19.778353	77.0	31.248981	11.0	2.0887985	1.0	1.0	
253	230242.0	52682.11	56.0	22.915636	86.0	34.71819	15.0	2.566155	1.0	1.0	
254	230224.0	52675.254	60.0	24.931398	97.0	39.191216	18.0	2.9245532	1.0	1.0	
255	230199.0	52666.383	70.0	29.250118	106.0	43.016243	24.0	3.6554394	1.0	1.0	
256	230162.0	52651.5	79.0	33.53097	133.0	53.48272	25.0	3.7849896	1.0	1.0	
257	230135.0	52641.797	85.0	36.2026	150.0	59.9601	29.0	4.3439765	1.0	1.0	
258	230104.0	52631.918	92.0	39.060337	166.0	65.92851	37.0	5.39547	1.0	1.0	
259	230081.0	52624.582	98.0	41.078934	176.0	70.146774	44.0	6.4868903	1.0	1.0	
260	230053.0	52615.875	105.0	43.905518	190.0	74.91279	51.0	7.589719	1.0	1.0	
261	230013.0	52602.76	118.0	48.224747	210.0	82.58816	57.0	8.541542	2.0	1.1657947	
262	229968.0	52588.156	135.0	54.17088	231.0	90.074135	64.0	9.710337	2.0	1.1657947	
263	229930.0	52576.176	152.0	60.18292	245.0	95.123604	71.0	10.639654	2.0	1.1657947	
264	229882.0	52559.73	170.0	67.03681	265.0	103.27253	80.0	11.95021	3.0	1.2959179	
265	229831.0	52541.39	191.0	75.31626	288.0	112.38911	86.0	12.730505	4.0	1.4454641	
266	229777.0	52522.066	212.0	83.4038	313.0	122.68501	93.0	13.470078	5.0	1.6499416	
267	229720.0	52501.375	233.0	91.382645	340.0	133.86285	100.0	14.5427265	7.0	2.1097186	
268	229657.0	52481.18	260.0	101.08994	362.0	142.23184	112.0	16.169388	9.0	2.6082814	
269	229584.0	52457.74	291.0	112.61555	390.0	151.55139	120.0	17.330797	15.0	4.026122	
270	229518.0	52438.01	308.0	118.47923	417.0	161.31252	136.0	19.930536	21.0	5.541233	
271	229448.0	52419.285	328.0	124.435326	440.0	168.672	153.0	22.934269	31.0	7.959503	
272	229375.0	52398.152	344.0	130.18446	470.0	178.36815	172.0	26.71061	39.0	9.883271	
273	229307.0	52380.59	362.0	135.93079	495.0	185.58243	195.0	30.880205	41.0	10.326089	
274	229231.0	52359.418	383.0	143.26884	521.0	193.713	215.0	34.519478	50.0	12.409822	
275	229152.0	52338.656	409.0	151.46768	541.0	199.54105	242.0	39.962906	56.0	13.705534	
276	229073.0	52316.2	437.0	160.4762	566.0	207.77483	263.0	43.926582	61.0	14.965813	
277	228974.0	52288.7	473.0	172.02498	594.0	216.39642	290.0	49.268353	69.0	16.965765	
278	228889.0	52265.605	501.0	180.4421	622.0	224.54192	308.0	53.298084	80.0	19.461582	
279	228792.0	52239.258	534.0	190.37852	651.0	232.99796	330.0	58.213577	93.0	22.508308	
280	228674.0	52206.586	566.0	200.75703	687.0	243.33531	363.0	66.03093	110.0	26.639381	
281	228570.0	52177.96	595.0	209.32475	715.0	251.68285	399.0	75.17065	121.0	29.211325	
282	228468.0	52150.85	622.0	217.39212	746.0	261.24008	428.0	81.34782	136.0	32.513348	
283	228359.0	52119.71	648.0	226.28479	786.0	273.24774	459.0	88.929054	148.0	35.180874	
284	228252.0	52090.01	673.0	234.9589	825.0	285.37576	489.0	95.20361	161.0	37.820896	
285	228124.0	52053.305	711.0	246.62216	868.0	300.27155	530.0	103.92975	167.0	39.22983	
286	228018.0	52022.906	742.0	256.48682	900.0	310.42648	562.0	111.81203	178.0	41.73137	
287	227876.0	51983.273	775.0	266.33545	946.0	325.2788	607.0	122.71521	196.0	45.759556	
288	227740.0	51942.797	814.0	278.02322	986.0	340.357	645.0	131.16875	215.0	51.028248	
289	227580.0	51897.086	855.0	291.50308	1027.0	354.64883	696.0	142.25128	242.0	57.86845	
290	227429.0	51854.105	895.0	304.04037	1069.0	369.73825	734.0	149.90352	273.0	65.56117	
291	227281.0	51811.29	934.0	315.8256	1113.0	386.19193	778.0	158.99245	294.0	71.07211	
292	227108.0	51759.387	981.0	330.39722	1171.0	406.78128	819.0	168.32315	321.0	78.45795	
293	226900.0	51702.242	1027.0	344.84283	1243.0	429.54074	868.0	178.93385	362.0	87.75688	
294	226712.0	51650.59	1075.0	358.6902	1307.0	448.47134	910.0	189.4647	396.0	96.12327	
295	226531.0	51599.977	1124.0	372.58856	1375.0	467.91968	947.0	199.74591	423.0	103.11549	
296	226344.0	51546.5	1176.0	387.47778	1446.0	488.80347	989.0	211.02174	445.0	109.56578	
297	226171.0	51498.562	1216.0	398.97775	1506.0	506.53625	1032.0	222.15154	475.0	117.15191	
298	226009.0	51453.97	1257.0	409.6134	1562.0	523.6661	1070.0	232.04555	502.0	124.078415	
299	225829.0	51404.258	1301.0	421.75232	1630.0	543.495	1115.0	244.25581	525.0	129.58107	
300	225635.0	51350.355	1351.0	434.8512	1689.0	560.24835	1170.0	260.5318	555.0	137.35876	
301	225437.0	51295.637	1415.0	453.57172	1745.0	575.971	1222.0	274.9446	581.0	143.26106	
302	225222.0	51236.836	1491.0	475.59064	1797.0	590.0662	1284.0	291.47458	606.0	149.42224	
303	225027.0	51183.18	1553.0	493.48312	1846.0	602.58685	1338.0	306.7873	636.0	157.32938	
304	224803.0	51124.688	1615.0	511.14078	1918.0	619.3405	1395.0	322.75815	669.0	165.42142	
305	224575.0	51063.367	1684.0	531.9296	1990.0	636.37305	1449.0	337.79388	702.0	173.88383	
306	224370.0	51007.895	1747.0	551.34454	2044.0	649.12103	1513.0	353.28915	726.0	181.70961	
307	224154.0	50948.43	1807.0	569.84686	2129.0	670.1096	1559.0	366.09552	751.0	188.90404	
308	223928.0	50890.746	1866.0	588.02527	2214.0	689.2914	1612.0	377.69653	780.0	197.62486	
309	223691.0	50825.855	1930.0	608.26044	2285.0	704.9342	1677.0	395.2006	817.0	209.12193	
310	223474.0	50769.766	1998.0	627.81616	2357.0	721.9749	1729.0	406.98685	842.0	216.8448	
311	223227.0	50700.746	2074.0	650.81305	2435.0	740.97296	1784.0	422.4938	880.0	228.39491	
312	222990.0	50637.523	2146.0	670.17975	2505.0	757.0974	1838.0	436.764	921.0	241.83644	
313	222725.0	50566.004	2219.0	689.6583	2594.0	778.3432	1898.0	453.65567	964.0	255.74721	
314	222453.0	50491.53	2298.0	711.84644	2670.0	797.31104	1968.0	473.84882	1011.0	268.88144	
315	222194.0	50420.453	2379.0	733.6448	2743.0	814.7963	2025.0	490.42764	1059.0	284.1309	
316	221910.0	50345.383	2482.0	762.0833	2817.0	832.50385	2087.0	507.50897	1104.0	295.99774	
317	221656.0	50274.945	2557.0	783.8579	2895.0	854.9132	2147.0	523.69244	1145.0	306.0533	
318	221377.0	50198.586	2642.0	806.5681	2973.0	876.8405	2213.0	542.07965	1195.0	319.38907	
319	221121.0	50131.688	2726.0	829.9126	3047.0	897.54895	2268.0	554.172	1238.0	330.15363	
320	220853.0	50059.23	2816.0	853.82153	3121.0	917.56866	2325.0	569.3758	1285.0	343.46426	
321	220573.0	49984.2	2916.0	881.0046	3181.0	932.76385	2400.0	590.91943	1330.0	354.60452	
322	220320.0	49918.516	2992.0	900.6134	3262.0	953.89624	2449.0	603.4829	1377.0	367.00177	
323	220065.0	49853.65	3072.0	920.4934	3336.0	973.9452	2506.0	617.3972	1421.0	378.02795	
324	219784.0	49784.508	3161.0	942.9666	3410.0	992.3307	2576.0	634.63605	1469.0	389.03473	
325	219522.0	49719.0	3229.0	959.804	3489.0	1013.332	2647.0	651.84094	1513.0	399.50186	
326	219245.0	49649.246	3311.0	980.6874	3563.0	1032.7633	2712.0	666.27606	1569.0	414.5053	
327	218992.0	49587.99	3379.0	998.2047	3634.0	1050.6489	2778.0	680.4989	1617.0	426.10843	
328	218719.0	49524.453	3466.0	1020.2262	3708.0	1067.9438	2838.0	691.92676	1669.0	438.93973	
329	218420.0	49451.043	3559.0	1043.5887	3796.0	1090.4281	2894.0	703.411	1731.0	455.01578	
330	218116.0	49373.293	3651.0	1066.4634	3872.0	1111.6093	2964.0	718.7384	1797.0	473.42627	
331	217834.0	49303.16	3736.0	1089.1627	3943.0	1129.1547	3028.0	731.665	1859.0	490.40118	
332	217511.0	49222.844	3844.0	1118.196	4029.0	1149.3257	3094.0	746.12744	1922.0	507.08676	
333	217206.0	49144.918	3949.0	1147.9703	4106.0	1169.3519	3155.0	758.8383	1984.0	522.5074	
334	216851.0	49055.023	4068.0	1180.1923	4213.0	1198.9927	3212.0	770.3119	2056.0	539.1229	
335	216504.0	48970.65	4175.0	1209.4668	4311.0	1222.6625	3281.0	783.87854	2129.0	556.96857	
336	216127.0	48877.953	4309.0	1244.1328	4408.0	1246.3942	3347.0	797.3265	2209.0	577.8789	
337	215792.0	48790.91	4423.0	1275.7827	4488.0	1267.7975	3401.0	809.7515	2296.0	599.442	
338	215455.0	48705.25	4530.0	1304.3726	4576.0	1290.2021	3458.0	822.2485	2381.0	621.58234	
339	215128.0	48622.21	4622.0	1329.57	4664.0	1311.4485	3518.0	835.6313	2468.0	644.78455	
340	214803.0	48538.21	4708.0	1353.2627	4757.0	1334.9817	3594.0	853.32837	2538.0	663.8416	
341	214464.0	48452.04	4808.0	1379.7776	4834.0	1352.9243	3681.0	873.57654	2613.0	685.3258	
342	214118.0	48360.957	4912.0	1408.1962	4928.0	1375.373	3754.0	890.8275	2688.0	708.2612	
343	213788.0	48274.477	5002.0	1431.4163	4999.0	1392.8125	3843.0	912.6873	2768.0	732.19006	
344	213438.0	48184.082	5101.0	1457.6157	5078.0	1413.2672	3939.0	933.2068	2844.0	755.35657	
345	213063.0	48090.55	5210.0	1484.4644	5150.0	1431.0637	4061.0	960.3034	2916.0	777.1353	
346	212695.0	48000.29	5323.0	1511.2474	5227.0	1451.1329	4159.0	981.19116	2996.0	799.59814	
347	212347.0	47910.875	5420.0	1534.6995	5305.0	1472.94	4255.0	1002.21454	3073.0	822.73047	
348	211952.0	47806.887	5528.0	1563.7512	5395.0	1496.1361	4355.0	1023.44794	3170.0	853.20593	
349	211547.0	47705.887	5642.0	1590.6702	5498.0	1523.1107	4452.0	1043.4939	3261.0	880.3011	
350	211105.0	47595.426	5788.0	1626.3704	5578.0	1543.1852	4569.0	1068.4652	3360.0	910.04376	
351	210688.0	47490.875	5926.0	1658.666	5665.0	1567.4432	4668.0	1087.7368	3453.0	938.7399	
352	210263.0	47383.31	6071.0	1692.176	5750.0	1590.881	4766.0	1109.2609	3550.0	967.85925	
353	209785.0	47258.246	6220.0	1726.6047	5840.0	1617.0435	4866.0	1130.8412	3689.0	1010.7498	
354	209322.0	47142.105	6374.0	1761.431	5943.0	1645.6768	4963.0	1152.2417	3798.0	1042.0785	
355	208861.0	47021.863	6530.0	1799.7184	6032.0	1671.1055	5063.0	1174.3494	3914.0	1076.5062	
356	208418.0	46907.727	6664.0	1830.7386	6132.0	1701.7695	5160.0	1193.961	4026.0	1109.3706	
357	207954.0	46788.953	6804.0	1866.675	6237.0	1731.0422	5264.0	1214.8387	4141.0	1142.0438	
358	207478.0	46668.37	6944.0	1900.6669	6335.0	1758.3063	5389.0	1242.5602	4254.0	1173.6935	
359	206996.0	46545.53	7099.0	1939.6475	6428.0	1782.6903	5506.0	1269.8517	4371.0	1205.901	
360	206493.0	46419.688	7264.0	1981.226	6521.0	1806.5668	5623.0	1296.713	4499.0	1239.429	
361	206006.0	46297.387	7455.0	2028.7544	6609.0	1829.8848	5725.0	1321.634	4605.0	1265.9872	
362	205530.0	46177.484	7599.0	2066.7896	6694.0	1851.0944	5841.0	1348.9941	4736.0	1299.2588	
363	205023.0	46050.008	7788.0	2117.2998	6780.0	1872.6769	5947.0	1373.9796	4862.0	1329.6315	
364	204561.0	45931.316	7946.0	2160.9226	6870.0	1895.2783	6055.0	1399.8293	4968.0	1356.2834	
365	204080.0	45811.703	8120.0	2203.9922	6955.0	1916.4001	6171.0	1429.8694	5074.0	1381.6592	
366	203602.0	45689.656	8304.0	2251.366	7044.0	1939.3167	6268.0	1453.8684	5182.0	1409.3773	
367	203086.0	45564.773	8485.0	2297.0166	7160.0	1967.0175	6383.0	1479.6937	5286.0	1435.1223	
368	202589.0	45445.9	8668.0	2339.7698	7258.0	1990.578	6481.0	1504.432	5404.0	1462.8502	
369	202081.0	45321.727	8857.0	2387.0488	7361.0	2016.0066	6570.0	1525.7709	5531.0	1492.9038	
370	201580.0	45203.586	9022.0	2425.0015	7465.0	2040.5762	6687.0	1554.3611	5646.0	1519.9397	
371	201023.0	45074.414	9220.0	2469.6582	7576.0	2065.609	6796.0	1582.1675	5785.0	1551.5924	
372	200504.0	44949.21	9394.0	2510.352	7693.0	2095.7378	6905.0	1609.8125	5904.0	1578.2787	
373	199969.0	44824.61	9588.0	2552.0386	7813.0	2125.56	7005.0	1636.167	6025.0	1605.0566	
374	199382.0	44686.117	9786.0	2593.8179	7935.0	2157.2415	7128.0	1669.0254	6169.0	1637.1887	
375	198832.0	44558.34	9968.0	2631.8684	8054.0	2186.8984	7231.0	1695.974	6315.0	1670.3375	
376	198298.0	44435.55	10151.0	2670.5217	8158.0	2212.9429	7344.0	1723.6158	6449.0	1700.724	
377	197741.0	44302.207	10318.0	2708.2593	8269.0	2241.821	7478.0	1757.3492	6594.0	1733.7748	
378	197188.0	44172.137	10501.0	2751.0947	8355.0	2264.2002	7604.0	1786.6084	6752.0	1769.38	
379	196653.0	44045.223	10662.0	2789.9592	8435.0	2283.446	7740.0	1818.779	6910.0	1806.0322	
380	196123.0	43919.17	10822.0	2825.6538	8526.0	2307.1301	7862.0	1850.181	7067.0	1841.3107	
381	195571.0	43789.03	11018.0	2870.278	8607.0	2327.9836	7984.0	1880.4128	7220.0	1875.7382	
382	194999.0	43652.434	11214.0	2916.6584	8707.0	2352.3032	8110.0	1910.8694	7370.0	1911.1741	
383	194461.0	43522.754	11405.0	2963.0505	8791.0	2371.1323	8225.0	1941.5001	7518.0	1944.9775	
384	193905.0	43389.65	11606.0	3010.144	8852.0	2386.098	8365.0	1979.2771	7672.0	1978.241	
385	193324.0	43243.258	11796.0	3060.738	8930.0	2404.6973	8496.0	2011.6791	7854.0	2023.072	
386	192764.0	43108.008	12010.0	3116.24	9007.0	2421.0603	8617.0	2041.0807	8002.0	2057.0312	
387	192197.0	42962.53	12239.0	3176.1963	9077.0	2437.183	8730.0	2072.6345	8157.0	2094.8958	
388	191649.0	42824.363	12433.0	3228.7537	9162.0	2456.7942	8852.0	2103.6396	8304.0	2129.8647	
389	191044.0	42669.14	12661.0	3290.0474	9244.0	2477.788	8989.0	2138.169	8462.0	2168.2043	
390	190459.0	42521.566	12866.0	3341.688	9322.0	2496.315	9130.0	2177.882	8623.0	2205.8848	
391	189836.0	42367.24	13067.0	3391.7886	9424.0	2523.354	9267.0	2213.5525	8806.0	2247.3818	
392	189246.0	42217.742	13251.0	3437.9507	9513.0	2546.5728	9399.0	2248.4368	8991.0	2292.5696	
393	188558.0	42039.156	13463.0	3492.0913	9623.0	2576.5776	9550.0	2290.1475	9206.0	2345.2488	
394	187934.0	41882.293	13687.0	3548.0574	9728.0	2604.6987	9669.0	2321.9512	9382.0	2386.2876	
395	187351.0	41735.996	13881.0	3595.3164	9826.0	2631.4375	9775.0	2351.1304	9567.0	2429.407	
396	186758.0	41588.87	14083.0	3645.7046	9928.0	2659.2854	9909.0	2384.9338	9722.0	2464.5173	
397	186130.0	41427.934	14309.0	3704.5017	10026.0	2687.3687	10061.0	2424.499	9874.0	2498.9868	
398	185524.0	41278.66	14518.0	3755.5674	10136.0	2717.4924	10182.0	2454.3335	10040.0	2537.2083	
399	184883.0	41118.652	14726.0	3803.9421	10247.0	2749.4702	10338.0	2493.159	10206.0	2577.993	
400	184196.0	40947.31	14955.0	3860.1323	10362.0	2780.778	10482.0	2530.5386	10405.0	2624.5137	
401	183557.0	40788.56	15156.0	3911.1907	10476.0	2812.27	10620.0	2565.0117	10591.0	2666.2783	
402	182902.0	40628.074	15368.0	3964.6138	10584.0	2840.5168	10772.0	2603.1082	10774.0	2706.955	
403	182252.0	40464.68	15599.0	4023.7668	10669.0	2864.0134	10918.0	2640.6592	10962.0	2750.191	
404	181550.0	40289.777	15848.0	4085.5442	10767.0	2890.3015	11046.0	2675.212	11189.0	2802.5483	
405	180849.0	40116.14	16093.0	4146.8403	10869.0	2917.2068	11197.0	2714.089	11392.0	2849.074	
406	180145.0	39940.527	16334.0	4209.723	10958.0	2942.7217	11348.0	2751.65	11615.0	2898.7595	
407	179458.0	39765.03	16576.0	4276.825	11072.0	2972.5774	11481.0	2785.156	11813.0	2943.7766	
408	178781.0	39592.637	16809.0	4341.779	11177.0	3000.938	11610.0	2817.9243	12023.0	2990.0872	
409	178135.0	39430.8	17048.0	4405.2856	11296.0	3032.3606	11727.0	2846.5515	12194.0	3028.3982	
410	177483.0	39267.133	17271.0	4466.818	11415.0	3063.093	11851.0	2877.0657	12380.0	3069.32	
411	176819.0	39095.863	17512.0	4533.196	11526.0	3091.0217	11971.0	2906.0007	12572.0	3117.2917	
412	176185.0	38933.727	17761.0	4602.567	11620.0	3115.6038	12077.0	2933.462	12757.0	3158.019	
413	175560.0	38774.16	17978.0	4662.935	11694.0	3133.6917	12201.0	2963.9377	12967.0	3208.6077	
414	174906.0	38611.543	18231.0	4730.3584	11769.0	3151.4382	12329.0	2995.702	13165.0	3254.3389	
415	174207.0	38443.85	18492.0	4799.557	11860.0	3172.6946	12484.0	3032.1116	13357.0	3295.2014	
416	173543.0	38281.254	18734.0	4864.7812	11965.0	3199.2637	12621.0	3063.5923	13537.0	3334.5007	
417	172871.0	38115.727	18982.0	4926.5474	12046.0	3221.185	12773.0	3101.2065	13728.0	3378.6697	
418	172175.0	37947.934	19246.0	4993.81	12139.0	3243.6003	12927.0	3138.5906	13913.0	3419.3818	
419	171495.0	37781.098	19497.0	5055.8535	12229.0	3265.3613	13065.0	3172.4075	14114.0	3468.5522	
420	170797.0	37603.32	19736.0	5117.1484	12324.0	3291.791	13217.0	3209.3882	14326.0	3521.6008	
421	170091.0	37423.87	19998.0	5181.937	12418.0	3317.8875	13343.0	3242.442	14550.0	3577.1992	
422	169340.0	37233.324	20237.0	5241.777	12520.0	3347.7534	13510.0	3284.212	14793.0	3636.2295	
423	168612.0	37047.418	20491.0	5307.0913	12622.0	3374.1472	13654.0	3320.0889	15021.0	3694.4592	
424	167876.0	36862.18	20750.0	5371.3306	12713.0	3397.5825	13819.0	3360.713	15242.0	3751.2886	
425	167186.0	36692.18	20991.0	5427.781	12785.0	3418.5051	13962.0	3395.9592	15476.0	3808.681	
426	166495.0	36525.902	21224.0	5484.999	12863.0	3438.315	14108.0	3431.3542	15710.0	3862.5881	
427	165838.0	36356.14	21448.0	5541.8984	12946.0	3461.4292	14240.0	3466.5344	15928.0	3917.1606	
428	165164.0	36194.594	21670.0	5593.4404	13034.0	3484.0688	14371.0	3501.1143	16161.0	3969.9988	
429	164477.0	36021.633	21900.0	5652.7764	13116.0	3507.3628	14524.0	3540.018	16383.0	4021.4045	
430	163796.0	35856.434	22137.0	5709.422	13192.0	3526.982	14669.0	3576.5444	16606.0	4073.8176	
431	163139.0	35701.484	22353.0	5759.0127	13268.0	3548.2942	14801.0	3608.8953	16839.0	4125.5376	
432	162460.0	35538.543	22579.0	5812.8027	13351.0	3570.0327	14939.0	3641.3586	17071.0	4180.4507	
433	161814.0	35390.32	22766.0	5856.1304	13453.0	3593.9717	15066.0	3671.7092	17301.0	4231.0435	
434	161142.0	35234.99	22979.0	5905.5493	13541.0	3616.3052	15201.0	3704.896	17537.0	4281.351	
435	160481.0	35080.562	23211.0	5959.965	13621.0	3636.595	15345.0	3738.7283	17742.0	4327.2764	
436	159798.0	34917.69	23438.0	6015.0493	13694.0	3654.7869	15491.0	3775.0188	17979.0	4380.613	
437	159137.0	34766.293	23668.0	6069.5024	13767.0	3673.5303	15631.0	3805.9956	18197.0	4427.772	
438	158495.0	34619.27	23885.0	6122.9014	13851.0	3692.5208	15772.0	3837.9722	18397.0	4470.4375	
439	157785.0	34455.793	24140.0	6181.399	13921.0	3710.3357	15927.0	3873.0327	18627.0	4522.559	
440	157138.0	34310.203	24378.0	6236.5903	13983.0	3724.4734	16079.0	3906.6504	18822.0	4565.1685	
441	156483.0	34162.16	24624.0	6293.4424	14052.0	3741.5632	16213.0	3935.4946	19028.0	4610.45	
442	155831.0	34018.992	24849.0	6344.476	14121.0	3756.5857	16360.0	3969.4512	19239.0	4653.627	
443	155186.0	33873.816	25085.0	6398.938	14179.0	3768.7983	16506.0	4001.855	19444.0	4699.719	
444	154519.0	33728.613	25332.0	6456.4966	14249.0	3783.6116	16644.0	4032.0032	19656.0	4742.45	
445	153873.0	33583.664	25582.0	6516.369	14309.0	3796.2917	16789.0	4064.9414	19847.0	4781.8926	
446	153197.0	33434.457	25837.0	6578.269	14380.0	3809.0847	16942.0	4098.912	20044.0	4822.455	
447	152547.0	33290.008	26089.0	6640.4233	14443.0	3821.5352	17111.0	4135.2197	20210.0	4855.993	
448	151905.0	33149.19	26370.0	6707.913	14497.0	3832.6714	17253.0	4166.019	20375.0	4887.3594	
449	151251.0	33001.816	26646.0	6776.1714	14545.0	3843.9238	17409.0	4200.4023	20549.0	4920.846	
450	150609.0	32857.24	26927.0	6844.3833	14591.0	3854.0059	17545.0	4230.1826	20728.0	4957.4023	
451	149956.0	32714.387	27203.0	6912.926	14639.0	3863.9458	17683.0	4258.185	20919.0	4993.773	
452	149359.0	32586.0	27444.0	6971.6006	14687.0	3874.609	17802.0	4281.5405	21108.0	5029.482	
453	148741.0	32449.469	27716.0	7035.266	14732.0	3885.4917	17920.0	4307.345	21291.0	5065.6475	
454	148100.0	32307.88	27979.0	7098.6226	14772.0	3893.5923	18048.0	4334.5293	21501.0	5108.5923	
455	147416.0	32153.1	28268.0	7167.5225	14813.0	3902.1426	18176.0	4363.779	21727.0	5156.6387	
456	146780.0	32017.318	28531.0	7226.792	14853.0	3910.6611	18300.0	4390.772	21936.0	5197.617	
457	146140.0	31877.266	28777.0	7285.783	14894.0	3920.391	18445.0	4421.5645	22144.0	5238.1587	
458	145487.0	31743.002	29036.0	7342.6914	14929.0	3927.8538	18581.0	4449.2627	22367.0	5280.3457	
459	144861.0	31603.865	29285.0	7402.4736	14972.0	3938.0217	18710.0	4476.2505	22572.0	5322.5493	
460	144212.0	31462.854	29540.0	7463.6855	15017.0	3947.5925	18846.0	4503.7954	22785.0	5365.243	
461	143614.0	31334.227	29779.0	7515.8623	15052.0	3955.3691	18959.0	4524.882	22996.0	5412.831	
462	142994.0	31198.355	30007.0	7568.5527	15108.0	3966.3535	19073.0	4546.623	23218.0	5463.2734	
463	142337.0	31060.762	30268.0	7626.18	15147.0	3973.104	19189.0	4567.6807	23459.0	5515.437	
464	141676.0	30919.252	30517.0	7681.341	15185.0	3981.6624	19315.0	4590.952	23707.0	5569.9585	
465	141045.0	30785.994	30754.0	7732.2217	15223.0	3989.695	19440.0	4615.8154	23938.0	5619.4536	
466	140403.0	30651.305	31012.0	7789.6914	15245.0	3993.693	19562.0	4637.587	24178.0	5670.9004	
467	139763.0	30518.035	31251.0	7842.4126	15278.0	4001.521	19707.0	4662.3022	24401.0	5718.913	
468	139145.0	30387.168	31465.0	7887.335	15325.0	4013.0576	19836.0	4687.0596	24629.0	5768.5557	
469	138534.0	30258.084	31701.0	7938.9404	15353.0	4019.5225	19976.0	4714.4014	24836.0	5812.2627	
470	137910.0	30124.012	31925.0	7986.935	15402.0	4031.8093	20077.0	4732.873	25086.0	5867.5674	
471	137295.0	29995.947	32166.0	8040.1636	15449.0	4041.879	20175.0	4748.474	25315.0	5916.7275	
472	136726.0	29872.066	32375.0	8086.163	15488.0	4051.155	20282.0	4768.9956	25529.0	5964.827	
473	136103.0	29735.338	32615.0	8139.242	15532.0	4061.497	20379.0	4786.7437	25771.0	6020.391	
474	135498.0	29598.287	32853.0	8191.7036	15568.0	4071.7234	20454.0	4801.4863	26027.0	6080.032	
475	134872.0	29463.758	33076.0	8239.432	15600.0	4080.296	20561.0	4821.55	26291.0	6138.1997	
476	134220.0	29325.084	33299.0	8286.302	15636.0	4087.5942	20681.0	4844.5645	26564.0	6199.687	
477	133556.0	29177.121	33547.0	8340.297	15655.0	4091.895	20801.0	4870.117	26841.0	6263.817	
478	132940.0	29042.271	33761.0	8388.904	15671.0	4094.7368	20939.0	4899.002	27089.0	6318.348	
479	132307.0	28903.303	33976.0	8434.97	15684.0	4096.624	21068.0	4925.253	27365.0	6383.1406	
480	131695.0	28767.988	34190.0	8484.2705	15690.0	4097.7607	21206.0	4952.2305	27619.0	6441.0254	
481	131061.0	28631.371	34419.0	8535.144	15700.0	4098.677	21345.0	4978.491	27875.0	6499.585	
482	130451.0	28496.82	34623.0	8581.523	15718.0	4100.7065	21473.0	5003.1284	28135.0	6561.095	
483	129853.0	28365.527	34856.0	8633.188	15733.0	4101.145	21602.0	5028.288	28356.0	6615.119	
484	129249.0	28233.852	35072.0	8681.12	15746.0	4102.8726	21710.0	5049.217	28623.0	6676.1924	
485	128664.0	28098.777	35288.0	8731.219	15747.0	4101.664	21834.0	5075.236	28867.0	6736.371	
486	128119.0	27980.367	35511.0	8782.399	15747.0	4098.6675	21941.0	5096.7305	29082.0	6785.097	
487	127566.0	27857.13	35746.0	8834.435	15742.0	4093.7068	22057.0	5121.7827	29289.0	6836.2188	
488	127011.0	27730.557	35963.0	8883.236	15757.0	4095.7764	22179.0	5148.8804	29490.0	6884.8306	
489	126461.0	27604.78	36177.0	8931.617	15766.0	4095.7944	22304.0	5174.279	29692.0	6936.7925	
490	125884.0	27472.777	36380.0	8977.454	15792.0	4099.5933	22446.0	5207.0234	29898.0	6986.43	
491	125294.0	27336.307	36595.0	9026.438	15797.0	4099.1934	22583.0	5238.008	30131.0	7043.324	
492	124723.0	27204.562	36797.0	9072.57	15803.0	4099.082	22726.0	5270.0938	30351.0	7096.9717	
493	124082.0	27058.027	37045.0	9128.92	15799.0	4096.4995	22891.0	5306.2026	30583.0	7153.613	
494	123460.0	26911.271	37267.0	9178.208	15821.0	4101.5557	23055.0	5342.366	30797.0	7209.841	
495	122844.0	26767.33	37467.0	9223.522	15827.0	4103.961	23215.0	5375.451	31047.0	7272.9707	
496	122258.0	26630.19	37664.0	9269.304	15818.0	4104.027	23349.0	5402.138	31311.0	7337.577	
497	121673.0	26496.252	37866.0	9314.012	15797.0	4100.569	23492.0	5433.1416	31572.0	7399.28	
498	121059.0	26358.43	38077.0	9357.245	15781.0	4096.069	23645.0	5465.519	31838.0	7465.9585	
499	120423.0	26213.25	38307.0	9408.581	15765.0	4092.2324	23800.0	5496.6724	32105.0	7532.5034	
500	119864.0	26084.39	38510.0	9451.833	15740.0	4084.6033	23921.0	5524.7173	32365.0	7597.6885	
501	119264.0	25948.701	38741.0	9500.741	15714.0	4077.3691	24031.0	5548.549	32650.0	7667.8213	
502	118716.0	25828.484	38913.0	9537.261	15683.0	4068.7605	24180.0	5579.2915	32908.0	7729.375	
503	118174.0	25707.482	39080.0	9571.328	15663.0	4061.3872	24295.0	5605.2163	33188.0	7797.7686	
504	117580.0	25575.775	39282.0	9611.146	15639.0	4053.829	24431.0	5634.921	33468.0	7867.5225	
505	117016.0	25456.408	39479.0	9650.96	15607.0	4043.313	24564.0	5662.201	33734.0	7930.3257	
506	116458.0	25338.176	39690.0	9692.001	15562.0	4029.3828	24689.0	5687.55	34001.0	7996.09	
507	115865.0	25206.197	39881.0	9731.421	15540.0	4019.9587	24816.0	5716.0186	34298.0	8069.583	
508	115259.0	25071.031	40084.0	9773.86	15509.0	4008.378	24950.0	5745.1943	34598.0	8144.713	
509	114697.0	24945.77	40277.0	9813.949	15465.0	3994.3115	25065.0	5768.7837	34896.0	8220.34	
510	114085.0	24811.418	40475.0	9855.624	15437.0	3985.4333	25174.0	5791.846	35229.0	8298.799	
511	113497.0	24682.703	40680.0	9897.028	15400.0	3974.8252	25290.0	5815.796	35533.0	8372.76	
512	112951.0	24563.043	40865.0	9935.166	15358.0	3961.8591	25399.0	5839.1265	35827.0	8443.928	
513	112379.0	24437.533	41080.0	9982.718	15330.0	3952.3716	25502.0	5860.95	36109.0	8509.522	
514	111828.0	24316.95	41282.0	10024.707	15287.0	3939.5881	25617.0	5886.9604	36386.0	8574.897	
515	111237.0	24187.607	41492.0	10067.17	15220.0	3919.041	25750.0	5918.484	36701.0	8650.802	
516	110724.0	24074.805	41668.0	10104.906	15140.0	3896.5132	25878.0	5948.756	36990.0	8718.105	
517	110182.0	23958.176	41857.0	10141.046	15049.0	3870.5095	26007.0	5979.371	37305.0	8793.973	
518	109663.0	23842.633	42013.0	10172.182	14948.0	3841.5793	26155.0	6014.8774	37621.0	8871.816	
519	109114.0	23722.936	42215.0	10212.457	14838.0	3812.3696	26296.0	6048.707	37937.0	8946.603	
520	108607.0	23613.168	42394.0	10250.44	14707.0	3774.3494	26439.0	6083.593	38253.0	9021.519	
521	108062.0	23490.533	42576.0	10288.304	14551.0	3732.41	26620.0	6125.449	38591.0	9106.372	
522	107534.0	23376.148	42764.0	10325.608	14409.0	3694.2441	26767.0	6160.5293	38926.0	9186.524	
523	107021.0	23261.965	42941.0	10360.397	14253.0	3655.6873	26920.0	6196.6562	39265.0	9268.342	
524	106497.0	23154.713	43129.0	10395.97	14082.0	3611.8442	27080.0	6233.553	39612.0	9346.934	
525	106016.0	23046.65	43295.0	10426.346	13927.0	3571.6387	27224.0	6269.9106	39938.0	9428.461	
526	105501.0	22939.156	43471.0	10458.431	13775.0	3529.3394	27399.0	6313.5557	40254.0	9502.525	
527	105028.0	22836.06	43629.0	10489.641	13613.0	3486.4321	27571.0	6355.6704	40559.0	9575.208	
528	104519.0	22727.568	43793.0	10520.317	13426.0	3437.1226	27742.0	6396.898	40920.0	9661.109	
529	103970.0	22611.535	43974.0	10553.567	13249.0	3388.2043	27920.0	6440.8516	41287.0	9748.854	
530	103371.0	22479.959	44139.0	10585.449	13073.0	3339.4082	28113.0	6488.7954	41704.0	9849.412	
531	102794.0	22353.727	44302.0	10613.808	12882.0	3289.8584	28314.0	6539.246	42108.0	9946.397	
532	102274.0	22240.086	44450.0	10639.595	12692.0	3238.9426	28518.0	6590.8105	42466.0	10033.589	
533	101729.0	22117.473	44596.0	10667.063	12525.0	3193.5732	28702.0	6637.316	42848.0	10127.622	
534	101173.0	21993.613	44768.0	10697.422	12335.0	3141.4404	28896.0	6687.8145	43228.0	10222.741	
535	100583.0	21861.336	44932.0	10729.473	12141.0	3089.2632	29104.0	6738.7896	43640.0	10324.147	
536	100083.0	21749.715	45071.0	10756.71	11942.0	3033.2869	29303.0	6790.5776	44001.0	10412.73	
537	99578.0	21635.166	45230.0	10785.287	11733.0	2972.5674	29497.0	6842.593	44362.0	10507.39	
538	99047.0	21511.799	45388.0	10815.836	11526.0	2914.9053	29697.0	6897.312	44742.0	10603.184	
539	98528.0	21396.027	45543.0	10844.632	11333.0	2860.3809	29877.0	6945.959	45119.0	10696.035	
540	98038.0	21283.395	45691.0	10872.822	11113.0	2795.4963	30073.0	7001.2607	45485.0	10790.069	
541	97497.0	21157.02	45854.0	10903.525	10903.0	2735.4644	30277.0	7057.758	45869.0	10889.302	
542	96939.0	21030.293	46022.0	10935.438	10702.0	2678.3472	30465.0	7111.077	46272.0	10987.929	
543	96392.0	20903.223	46173.0	10963.05	10480.0	2614.6162	30706.0	7179.205	46649.0	11082.985	
544	95859.0	20783.166	46323.0	10992.924	10224.0	2543.829	30947.0	7242.4365	47047.0	11180.728	
545	95343.0	20665.271	46455.0	11018.504	9996.0	2482.2178	31175.0	7304.7896	47431.0	11272.306	
546	94783.0	20542.006	46602.0	11047.085	9756.0	2415.633	31436.0	7373.3384	47823.0	11365.035	
547	94228.0	20415.877	46740.0	11076.299	9513.0	2350.124	31704.0	7443.113	48215.0	11457.699	
548	93722.0	20300.01	46877.0	11103.068	9264.0	2288.8582	31952.0	7504.9907	48585.0	11546.207	
549	93206.0	20188.793	47019.0	11129.226	9040.0	2235.2358	32184.0	7560.7305	48951.0	11629.152	
550	92717.0	20080.969	47155.0	11154.518	8815.0	2181.5479	32367.0	7605.0864	49346.0	11721.007	
551	92188.0	19967.168	47314.0	11186.684	8554.0	2121.1309	32594.0	7657.6045	49750.0	11810.536	
552	91657.0	19851.959	47478.0	11220.395	8305.0	2063.6045	32807.0	7705.7417	50153.0	11901.43	
553	91075.0	19722.65	47654.0	11259.197	8082.0	2012.5408	33017.0	7750.1284	50572.0	11998.607	
554	90555.0	19611.365	47788.0	11289.382	7826.0	1956.4471	33245.0	7792.9194	50986.0	12093.013	
555	90038.0	19499.865	47938.0	11322.492	7556.0	1896.3894	33456.0	7832.892	51412.0	12191.486	
556	89521.0	19385.941	48071.0	11353.434	7297.0	1838.624	33675.0	7874.9834	51836.0	12290.093	
557	88995.0	19271.299	48231.0	11388.787	7056.0	1784.743	33872.0	7911.5137	52246.0	12386.72	
558	88461.0	19154.564	48373.0	11421.57	6789.0	1724.0773	34086.0	7951.9814	52691.0	12490.861	
559	87921.0	19039.908	48529.0	11456.018	6546.0	1667.9313	34290.0	7992.3975	53114.0	12586.824	
560	87404.0	18927.38	48676.0	11490.992	6267.0	1601.9471	34490.0	8031.8525	53563.0	12690.891	
561	86903.0	18820.957	48821.0	11523.801	6005.0	1541.11	34698.0	8074.4336	53973.0	12782.756	
562	86405.0	18716.684	48957.0	11553.516	5766.0	1483.6143	34889.0	8116.463	54383.0	12872.805	
563	85885.0	18600.37	49094.0	11584.47	5467.0	1411.366	35162.0	8177.7593	54792.0	12969.083	
564	85389.0	18489.514	49251.0	11620.184	5174.0	1341.5967	35400.0	8231.899	55186.0	13059.858	
565	84905.0	18389.451	49396.0	11651.194	4879.0	1266.5037	35643.0	8288.916	55577.0	13147.009	
566	84392.0	18277.176	49551.0	11683.485	4599.0	1192.7401	35893.0	8351.488	55965.0	13238.164	
567	83935.0	18177.752	49687.0	11712.815	4334.0	1122.2086	36118.0	8412.669	56326.0	13317.6	
568	83461.0	18080.018	49815.0	11738.372	4085.0	1053.7139	36334.0	8470.243	56705.0	13400.699	
569	82955.0	17972.578	49953.0	11765.606	3852.0	986.7447	36540.0	8531.127	57100.0	13486.998	
570	82479.0	17868.594	50094.0	11795.638	3612.0	914.1254	36760.0	8596.372	57455.0	13568.326	
571	81983.0	17760.822	50244.0	11826.215	3387.0	847.82214	36969.0	8657.361	57817.0	13650.839	
572	81479.0	17654.166	50389.0	11855.969	3177.0	786.03375	37146.0	8710.688	58209.0	13736.19	
573	81008.0	17548.781	50520.0	11879.88	2976.0	725.8771	37309.0	8761.89	58587.0	13826.62	
574	80509.0	17437.535	50654.0	11908.166	2772.0	664.12317	37486.0	8817.167	58979.0	13916.069	
575	80030.0	17328.62	50775.0	11934.654	2575.0	606.4484	37646.0	8865.031	59374.0	14008.285	
576	79539.0	17223.188	50897.0	11958.696	2387.0	550.1773	37809.0	8913.043	59768.0	14097.921	
577	79082.0	17119.014	51022.0	11986.739	2196.0	492.0802	37963.0	8961.87	60137.0	14183.313	
578	78581.0	17010.445	51153.0	12013.665	2014.0	436.2701	38120.0	9009.42	60532.0	14273.251	
579	78085.0	16898.523	51301.0	12044.866	1838.0	385.08524	38261.0	9051.94	60915.0	14362.685	
580	77608.0	16788.146	51418.0	12071.398	1667.0	333.63464	38408.0	9096.1875	61299.0	14453.727	
581	77080.0	16667.59	51546.0	12099.838	1498.0	283.98398	38554.0	9139.067	61722.0	14552.603	
582	76601.0	16555.646	51666.0	12127.72	1337.0	238.75066	38692.0	9181.408	62104.0	14639.56	
583	76106.0	16441.328	51795.0	12156.661	1192.0	202.92146	38800.0	9212.209	62507.0	14729.959	
584	75618.0	16327.0	51920.0	12183.913	1059.0	172.25496	38893.0	9237.801	62910.0	14822.114	
585	75129.0	16210.887	52032.0	12208.143	942.0	146.6845	38973.0	9259.9375	63324.0	14917.445	
586	74648.0	16095.579	52144.0	12231.461	839.0	124.64466	39032.0	9274.955	63737.0	15016.445	
587	74159.0	15977.723	52244.0	12253.953	741.0	105.959404	39130.0	9297.196	64126.0	15108.246	
588	73675.0	15863.526	52350.0	12276.664	655.0	88.6109	39216.0	9318.136	64504.0	15196.156	
589	73180.0	15749.63	52462.0	12301.793	565.0	72.893906	39262.0	9327.432	64931.0	15291.346	
590	72698.0	15633.515	52566.0	12323.824	477.0	58.325665	39337.0	9340.978	65322.0	15386.449	
591	72257.0	15528.228	52655.0	12343.002	395.0	45.975296	39380.0	9345.994	65713.0	15479.879	
592	71812.0	15423.084	52755.0	12364.615	330.0	36.50941	39409.0	9346.038	66094.0	15572.818	
593	71349.0	15321.094	52885.0	12392.118	266.0	29.857008	39425.0	9344.915	66475.0	15655.091	
594	70931.0	15223.1455	52976.0	12413.158	209.0	23.525084	39432.0	9339.52	66852.0	15743.711	
595	70469.0	15118.918	53074.0	12433.964	153.0	18.124184	39469.0	9339.639	67235.0	15832.428	
596	70006.0	15012.892	53185.0	12460.479	111.0	13.38783	39465.0	9334.028	67633.0	15922.276	
597	69577.0	14910.314	53296.0	12484.945	78.0	9.964264	39443.0	9324.463	68006.0	16013.379	
598	69105.0	14806.401	53426.0	12511.878	51.0	6.9491596	39436.0	9319.134	68382.0	16098.714	
599	68650.0	14703.898	53534.0	12533.675	32.0	5.0023594	39415.0	9311.764	68769.0	16188.715	
600	68182.0	14595.77	53659.0	12559.609	18.0	3.4027867	39408.0	9307.323	69133.0	16276.937	
601	67778.0	14498.638	53763.0	12582.314	9.0	2.2199419	39378.0	9298.362	69472.0	16361.53	
602	67336.0	14397.374	53876.0	12607.985	8.0	2.1220222	39338.0	9286.854	69842.0	16448.734	
603	66889.0	14293.89	54003.0	12635.755	4.0	1.4885999	39302.0	9276.827	70202.0	16535.102	
604	66456.0	14195.608	54115.0	12660.862	3.0	1.4397981	39267.0	9264.982	70559.0	16620.174	
605	66005.0	14093.724	54228.0	12683.793	2.0	1.1711394	39224.0	9252.843	70941.0	16711.516	
606	65528.0	13987.299	54346.0	12709.734	2.0	1.1711394	39192.0	9240.591	71332.0	16804.248	
607	65035.0	13876.908	54459.0	12734.696	1.0	1.0	39168.0	9230.722	71737.0	16899.752	
608	64576.0	13773.766	54562.0	12758.576	1.0	1.0	39144.0	9220.567	72117.0	16989.15	
609	64106.0	13665.585	54663.0	12781.176	1.0	1.0	39090.0	9204.187	72540.0	17091.125	
610	63648.0	13558.722	54767.0	12806.198	1.0	1.0	39044.0	9191.34	72940.0	17185.824	
611	63173.0	13448.8545	54875.0	12831.38	1.0	1.0	38989.0	9178.348	73362.0	17283.52	
612	62708.0	13338.816	54978.0	12857.166	1.0	1.0	38931.0	9161.144	73782.0	17385.002	
613	62259.0	13234.579	55081.0	12880.872	1.0	1.0	38884.0	9146.503	74175.0	17480.166	
614	61817.0	13132.931	55187.0	12905.606	1.0	1.0	38845.0	9135.105	74550.0	17568.443	
615	61413.0	13035.669	55270.0	12924.621	1.0	1.0	38797.0	9120.933	74919.0	17660.896	
616	60975.0	12938.652	55357.0	12944.765	1.0	1.0	38739.0	9104.806	75328.0	17753.893	
617	60582.0	12848.457	55451.0	12965.988	1.0	1.0	38681.0	9088.836	75685.0	17838.852	
618	60165.0	12751.77	55546.0	12987.012	1.0	1.0	38631.0	9073.577	76057.0	17929.773	
619	59736.0	12651.211	55642.0	13007.556	1.0	1.0	38563.0	9056.426	76458.0	18026.922	
620	59326.0	12555.18	55721.0	13024.042	1.0	1.0	38511.0	9042.428	76841.0	18120.484	
621	58908.0	12457.244	55803.0	13042.242	1.0	1.0	38462.0	9028.212	77226.0	18214.426	
622	58461.0	12359.919	55897.0	13062.451	1.0	1.0	38403.0	9010.841	77638.0	18308.889	
623	58017.0	12261.965	55991.0	13081.449	1.0	1.0	38325.0	8988.626	78066.0	18410.047	
624	57598.0	12167.297	56089.0	13101.781	1.0	1.0	38267.0	8972.586	78445.0	18500.44	
625	57182.0	12067.779	56187.0	13123.623	1.0	1.0	38189.0	8953.25	78841.0	18597.47	
626	56759.0	11974.62	56270.0	13141.341	1.0	1.0	38112.0	8931.448	79258.0	18694.725	
627	56327.0	11881.031	56368.0	13162.769	1.0	1.0	38031.0	8908.559	79673.0	18789.81	
628	55897.0	11784.388	56465.0	13182.461	1.0	1.0	37949.0	8888.236	80088.0	18887.111	
629	55434.0	11685.725	56589.0	13205.327	1.0	1.0	37844.0	8863.181	80532.0	18987.95	
630	54998.0	11584.11	56720.0	13233.589	1.0	1.0	37742.0	8837.192	80939.0	19087.305	
631	54570.0	11488.119	56848.0	13258.614	1.0	1.0	37656.0	8815.183	81325.0	19180.258	
632	54160.0	11389.969	56958.0	13282.502	1.0	1.0	37540.0	8785.128	81741.0	19284.613	
633	53753.0	11299.606	57079.0	13309.264	1.0	1.0	37432.0	8755.651	82135.0	19377.684	
634	53324.0	11197.811	57193.0	13334.145	1.0	1.0	37335.0	8729.652	82547.0	19480.588	
635	52926.0	11104.12	57285.0	13353.579	1.0	1.0	37234.0	8703.008	82954.0	19581.488	
636	52504.0	11002.15	57388.0	13376.259	1.0	1.0	37137.0	8674.076	83370.0	19689.703	
637	52095.0	10902.388	57516.0	13403.491	1.0	1.0	37020.0	8642.889	83768.0	19793.395	
638	51705.0	10803.386	57626.0	13427.248	1.0	1.0	36903.0	8611.215	84165.0	19900.303	
639	51292.0	10700.548	57732.0	13450.64	1.0	1.0	36784.0	8581.511	84591.0	20009.443	
640	50852.0	10598.156	57837.0	13472.44	1.0	1.0	36671.0	8550.618	85039.0	20120.94	
641	50390.0	10485.885	57966.0	13501.737	1.0	1.0	36550.0	8516.657	85493.0	20237.889	
642	49975.0	10391.131	58079.0	13525.69	1.0	1.0	36419.0	8482.302	85926.0	20343.078	
643	49520.0	10284.779	58196.0	13553.319	1.0	1.0	36309.0	8454.266	86374.0	20449.828	
644	49146.0	10203.438	58297.0	13573.974	1.0	1.0	36163.0	8415.853	86793.0	20548.916	
645	48749.0	10118.491	58404.0	13597.146	1.0	1.0	36037.0	8381.4795	87209.0	20645.068	
646	48341.0	10032.719	58510.0	13618.767	1.0	1.0	35922.0	8349.983	87626.0	20740.719	
647	47947.0	9940.959	58615.0	13642.462	1.0	1.0	35798.0	8315.647	88039.0	20843.111	
648	47576.0	9862.502	58716.0	13662.942	1.0	1.0	35674.0	8281.271	88433.0	20935.443	
649	47231.0	9788.061	58815.0	13683.802	1.0	1.0	35545.0	8245.086	88808.0	21025.225	
650	46878.0	9712.652	58902.0	13701.01	1.0	1.0	35413.0	8207.488	89206.0	21121.014	
651	46509.0	9635.797	58996.0	13721.359	1.0	1.0	35265.0	8166.4727	89629.0	21218.555	
652	46144.0	9558.936	59098.0	13745.431	1.0	1.0	35149.0	8131.834	90008.0	21305.965	
653	45845.0	9499.841	59195.0	13766.1	1.0	1.0	35014.0	8090.9634	90345.0	21385.285	
654	45485.0	9424.514	59282.0	13785.071	1.0	1.0	34897.0	8056.369	90735.0	21476.242	
655	45149.0	9355.173	59373.0	13804.047	1.0	1.0	34775.0	8020.833	91102.0	21562.145	
656	44819.0	9286.949	59451.0	13820.621	1.0	1.0	34663.0	7986.1387	91466.0	21648.492	
657	44486.0	9219.256	59541.0	13836.9795	1.0	1.0	34528.0	7947.207	91844.0	21738.744	
658	44174.0	9154.846	59612.0	13851.735	1.0	1.0	34409.0	7914.0693	92204.0	21821.549	
659	43835.0	9081.992	59709.0	13872.433	1.0	1.0	34283.0	7879.1753	92572.0	21908.592	
660	43526.0	9012.493	59771.0	13885.857	1.0	1.0	34139.0	7841.707	92963.0	22002.13	
661	43220.0	8951.0205	59845.0	13901.673	1.0	1.0	33967.0	7793.211	93367.0	22096.287	
662	42915.0	8887.638	59916.0	13915.079	1.0	1.0	33778.0	7741.678	93790.0	22197.797	
663	42585.0	8821.294	59984.0	13929.059	1.0	1.0	33595.0	7690.5713	94235.0	22301.268	
664	42251.0	8750.569	60061.0	13943.943	1.0	1.0	33435.0	7646.21	94652.0	22401.479	
665	41898.0	8680.009	60146.0	13961.148	1.0	1.0	33257.0	7595.827	95098.0	22505.225	
666	41568.0	8608.437	60253.0	13981.574	1.0	1.0	33054.0	7544.098	95524.0	22608.098	
667	41260.0	8543.218	60384.0	14008.797	1.0	1.0	32813.0	7484.561	95942.0	22705.654	
668	40979.0	8484.628	60509.0	14035.438	1.0	1.0	32547.0	7420.393	96364.0	22801.773	
669	40696.0	8425.531	60641.0	14066.504	1.0	1.0	32287.0	7355.2754	96775.0	22894.924	
670	40436.0	8371.78	60781.0	14095.6455	1.0	1.0	32030.0	7295.743	97152.0	22979.049	
671	40152.0	8312.664	60913.0	14125.311	1.0	1.0	31766.0	7234.604	97568.0	23069.633	
672	39867.0	8250.92	61041.0	14153.291	1.0	1.0	31511.0	7176.138	97980.0	23161.895	
673	39582.0	8193.644	61159.0	14179.442	1.0	1.0	31270.0	7122.3374	98388.0	23246.834	
674	39248.0	8123.381	61295.0	14209.143	1.0	1.0	30994.0	7060.8994	98862.0	23348.828	
675	38940.0	8061.576	61420.0	14235.768	1.0	1.0	30744.0	7006.0713	99295.0	23438.85	
676	38642.0	7999.7827	61544.0	14262.593	1.0	1.0	30475.0	6946.3057	99738.0	23533.562	
677	38344.0	7936.508	61666.0	14287.428	1.0	1.0	30205.0	6888.939	100184.0	23629.375	
678	38055.0	7878.945	61788.0	14314.437	1.0	1.0	29956.0	6836.7197	100600.0	23712.15	
679	37763.0	7818.034	61895.0	14339.291	1.0	1.0	29708.0	6781.7676	101033.0	23803.186	
680	37471.0	7759.183	61989.0	14361.685	1.0	1.0	29470.0	6731.4663	101469.0	23889.92	
681	37167.0	7694.665	62092.0	14384.578	1.0	1.0	29216.0	6676.562	101924.0	23986.432	
682	36822.0	7619.628	62211.0	14411.508	1.0	1.0	28959.0	6622.7856	102407.0	24088.342	
683	36498.0	7553.039	62328.0	14438.336	1.0	1.0	28708.0	6569.5684	102865.0	24181.3	
684	36213.0	7490.0884	62431.0	14462.482	1.0	1.0	28440.0	6512.6396	103315.0	24277.04	
685	35871.0	7416.302	62545.0	14488.392	1.0	1.0	28190.0	6459.9414	103793.0	24377.615	
686	35579.0	7355.8784	62648.0	14512.129	1.0	1.0	27922.0	6403.282	104250.0	24470.955	
687	35279.0	7293.479	62759.0	14537.515	1.0	1.0	27679.0	6351.3003	104682.0	24559.941	
688	34979.0	7231.6523	62866.0	14562.511	1.0	1.0	27427.0	6295.741	105127.0	24652.336	
689	34702.0	7174.8926	62960.0	14584.484	1.0	1.0	27164.0	6238.165	105573.0	24744.695	
690	34418.0	7117.153	63103.0	14615.597	1.0	1.0	26898.0	6180.167	105980.0	24829.305	
691	34154.0	7059.792	63213.0	14641.888	1.0	1.0	26632.0	6122.2407	106400.0	24918.328	
692	33857.0	6998.5312	63333.0	14670.442	1.0	1.0	26368.0	6065.171	106841.0	25008.104	
693	33563.0	6933.496	63456.0	14698.809	1.0	1.0	26120.0	6013.378	107260.0	25096.586	
694	33263.0	6867.0674	63586.0	14729.8545	1.0	1.0	25856.0	5959.66	107694.0	25185.688	
695	32952.0	6797.283	63690.0	14755.301	1.0	1.0	25606.0	5907.7646	108151.0	25281.94	
696	32653.0	6726.2446	63809.0	14781.182	1.0	1.0	25344.0	5855.6914	108593.0	25379.139	
697	32368.0	6660.0176	63906.0	14802.347	1.0	1.0	25108.0	5808.336	109017.0	25471.557	
698	32041.0	6584.362	63998.0	14822.725	1.0	1.0	24886.0	5763.2744	109474.0	25571.889	
699	31749.0	6519.9033	64097.0	14845.294	1.0	1.0	24637.0	5710.045	109916.0	25667.004	
700	31478.0	6459.434	64176.0	14862.832	1.0	1.0	24406.0	5662.7173	110339.0	25757.295	
701	31183.0	6393.833	64248.0	14878.777	1.0	1.0	24172.0	5612.8145	110796.0	25856.84	
702	30892.0	6330.359	64320.0	14894.363	1.0	1.0	23962.0	5566.733	111225.0	25950.816	
703	30659.0	6279.782	64394.0	14911.646	1.0	1.0	23735.0	5516.5415	111611.0	26034.28	
704	30367.0	6217.9253	64465.0	14927.671	1.0	1.0	23521.0	5469.039	112046.0	26127.621	
705	30078.0	6157.1055	64528.0	14941.702	1.0	1.0	23291.0	5417.487	112502.0	26225.96	
706	29809.0	6102.8027	64599.0	14957.455	1.0	1.0	23074.0	5368.4497	112917.0	26313.568	
707	29564.0	6054.3945	64687.0	14974.87	1.0	1.0	22821.0	5312.03	113327.0	26400.992	
708	29297.0	5999.6396	64773.0	14988.138	1.0	1.0	22587.0	5261.875	113742.0	26492.607	
709	29049.0	5946.251	64876.0	15006.333	1.0	1.0	22349.0	5211.2007	114125.0	26578.482	
710	28793.0	5891.356	64962.0	15020.87	1.0	1.0	22111.0	5159.542	114533.0	26670.494	
711	28548.0	5838.217	65037.0	15032.801	1.0	1.0	21859.0	5104.8643	114955.0	26766.35	
712	28318.0	5791.19	65109.0	15044.013	1.0	1.0	21612.0	5051.09	115360.0	26855.914	
713	28031.0	5730.26	65204.0	15058.295	1.0	1.0	21370.0	4998.388	115794.0	26955.242	
714	27785.0	5676.1445	65279.0	15066.115	1.0	1.0	21132.0	4949.207	116203.0	27050.719	
715	27515.0	5617.417	65363.0	15075.646	1.0	1.0	20895.0	4902.1196	116626.0	27147.018	
716	27252.0	5559.604	65449.0	15085.002	1.0	1.0	20661.0	4855.9487	117037.0	27241.627	
717	26974.0	5497.5176	65537.0	15094.084	1.0	1.0	20414.0	4807.3223	117474.0	27343.248	
718	26723.0	5444.4834	65597.0	15097.797	1.0	1.0	20189.0	4762.634	117890.0	27437.238	
719	26503.0	5397.8545	65653.0	15100.697	1.0	1.0	19961.0	4717.274	118282.0	27526.355	
720	26286.0	5347.3022	65704.0	15103.278	1.0	1.0	19721.0	4670.509	118688.0	27621.1	
721	26022.0	5287.3325	65758.0	15105.462	1.0	1.0	19512.0	4632.58	119107.0	27716.81	
722	25769.0	5232.6924	65820.0	15108.464	1.0	1.0	19282.0	4589.8276	119528.0	27811.227	
723	25515.0	5176.5107	65882.0	15113.847	1.0	1.0	19051.0	4545.9985	119951.0	27905.834	
724	25271.0	5120.687	65943.0	15117.888	1.0	1.0	18804.0	4499.1553	120381.0	28004.46	
725	25034.0	5067.171	65995.0	15118.299	1.0	1.0	18575.0	4457.758	120795.0	28098.957	
726	24783.0	5010.375	66035.0	15117.698	1.0	1.0	18316.0	4408.585	121265.0	28205.531	
727	24551.0	4960.0825	66086.0	15119.144	1.0	1.0	18050.0	4358.4487	121712.0	28304.512	
728	24326.0	4911.2344	66151.0	15125.124	1.0	1.0	17774.0	4304.8784	122148.0	28400.963	
729	24120.0	4865.084	66226.0	15131.015	1.0	1.0	17463.0	4243.5454	122590.0	28502.543	
730	23879.0	4813.929	66289.0	15133.267	1.0	1.0	17193.0	4191.551	123038.0	28603.453	
731	23671.0	4772.517	66363.0	15140.129	1.0	1.0	16926.0	4140.4307	123439.0	28689.133	
732	23452.0	4726.0083	66443.0	15150.009	1.0	1.0	16606.0	4076.0754	123898.0	28790.137	
733	23245.0	4684.2256	66525.0	15159.912	1.0	1.0	16306.0	4014.015	124323.0	28884.092	
734	23052.0	4646.0674	66584.0	15164.426	1.0	1.0	16025.0	3956.3354	124738.0	28975.402	
735	22851.0	4602.513	66649.0	15169.398	1.0	1.0	15733.0	3895.0088	125166.0	29075.318	
736	22673.0	4566.229	66698.0	15170.615	1.0	1.0	15446.0	3837.4504	125582.0	29167.953	
737	22484.0	4527.9023	66744.0	15172.83	1.0	1.0	15157.0	3775.895	126014.0	29265.604	
738	22299.0	4490.8613	66788.0	15174.726	1.0	1.0	14897.0	3721.6006	126415.0	29355.059	
739	22087.0	4446.166	66833.0	15176.808	1.0	1.0	14633.0	3663.971	126846.0	29455.28	
740	21898.0	4405.7354	66896.0	15182.544	1.0	1.0	14364.0	3605.2983	127241.0	29548.646	
741	21682.0	4360.0186	66935.0	15185.349	1.0	1.0	14101.0	3542.403	127681.0	29654.42	
742	21499.0	4320.705	66963.0	15185.214	1.0	1.0	13843.0	3482.2996	128094.0	29753.967	
743	21317.0	4278.3223	66977.0	15181.233	1.0	1.0	13585.0	3425.475	128520.0	29857.135	
744	21130.0	4236.3726	67005.0	15180.82	1.0	1.0	13323.0	3366.7625	128941.0	29958.223	
745	20960.0	4195.3784	67032.0	15179.901	1.0	1.0	13069.0	3308.7344	129338.0	30058.12	
746	20769.0	4151.036	67072.0	15180.323	1.0	1.0	12817.0	3250.644	129741.0	30160.113	
747	20560.0	4104.791	67091.0	15178.466	1.0	1.0	12565.0	3194.7144	130183.0	30264.127	
748	20373.0	4062.5227	67120.0	15180.774	1.0	1.0	12322.0	3137.8228	130584.0	30360.969	
749	20178.0	4022.3354	67128.0	15178.057	1.0	1.0	12094.0	3084.6372	130999.0	30457.057	
750	19993.0	3985.2231	67140.0	15176.601	1.0	1.0	11872.0	3028.3728	131394.0	30551.88	
751	19798.0	3942.0903	67148.0	15176.943	1.0	1.0	11659.0	2977.1543	131794.0	30645.879	
752	19616.0	3904.773	67189.0	15184.619	1.0	1.0	11429.0	2917.6736	132165.0	30734.996	
753	19423.0	3861.952	67191.0	15186.622	1.0	1.0	11216.0	2862.656	132569.0	30830.84	
754	19236.0	3822.2126	67194.0	15190.293	1.0	1.0	11000.0	2806.2454	132969.0	30923.324	
755	19026.0	3780.4238	67212.0	15192.91	1.0	1.0	10780.0	2745.191	133381.0	31023.549	
756	18840.0	3740.0854	67217.0	15197.446	1.0	1.0	10566.0	2687.6084	133776.0	31116.896	
757	18659.0	3706.859	67204.0	15193.2295	1.0	1.0	10348.0	2631.7336	134188.0	31210.203	
758	18472.0	3667.4126	67195.0	15191.719	1.0	1.0	10136.0	2576.9194	134596.0	31305.943	
759	18296.0	3627.9585	67182.0	15190.109	1.0	1.0	9918.0	2519.1501	135003.0	31404.793	
760	18100.0	3586.5098	67166.0	15186.905	1.0	1.0	9723.0	2469.7166	135410.0	31498.896	
761	17913.0	3546.598	67169.0	15187.409	1.0	1.0	9514.0	2418.0024	135803.0	31590.008	
762	17747.0	3508.8064	67167.0	15193.552	1.0	1.0	9309.0	2361.176	136176.0	31678.48	
763	17588.0	3470.7812	67146.0	15196.305	1.0	1.0	9112.0	2308.3982	136553.0	31766.537	
764	17393.0	3427.7185	67142.0	15202.821	1.0	1.0	8918.0	2255.0757	136946.0	31856.443	
765	17241.0	3394.6035	67131.0	15207.901	1.0	1.0	8698.0	2197.453	137329.0	31942.076	
766	17088.0	3362.7507	67106.0	15210.539	1.0	1.0	8515.0	2150.4692	137690.0	32018.273	
767	16908.0	3325.9785	67076.0	15209.195	1.0	1.0	8320.0	2101.5994	138095.0	32105.244	
768	16740.0	3292.4958	67052.0	15209.881	1.0	1.0	8114.0	2050.0366	138493.0	32189.6	
769	16584.0	3263.013	67024.0	15210.634	1.0	1.0	7918.0	2001.6647	138873.0	32266.723	
770	16430.0	3233.9622	66992.0	15209.337	1.0	1.0	7741.0	1956.5397	139236.0	32342.186	
771	16292.0	3205.7395	66955.0	15206.616	1.0	1.0	7555.0	1910.4148	139597.0	32419.246	
772	16150.0	3175.352	66921.0	15203.772	1.0	1.0	7371.0	1865.2781	139957.0	32497.59	
773	16006.0	3148.0527	66880.0	15201.41	1.0	1.0	7195.0	1821.4229	140318.0	32571.113	
774	15843.0	3114.384	66863.0	15201.189	1.0	1.0	7010.0	1777.125	140683.0	32649.299	
775	15707.0	3086.4226	66862.0	15203.52	1.0	1.0	6802.0	1726.9761	141028.0	32725.064	
776	15563.0	3059.5464	66843.0	15201.615	1.0	1.0	6617.0	1681.2257	141376.0	32799.6	
777	15436.0	3035.2144	66835.0	15200.795	1.0	1.0	6427.0	1633.5972	141701.0	32872.38	
778	15298.0	3007.5447	66812.0	15201.136	1.0	1.0	6237.0	1583.0898	142052.0	32950.188	
779	15165.0	2980.1887	66786.0	15201.488	1.0	1.0	6033.0	1525.8278	142415.0	33034.43	
780	15009.0	2948.5007	66805.0	15210.482	1.0	1.0	5811.0	1466.0289	142774.0	33116.895	
781	14863.0	2919.164	66802.0	15216.862	1.0	1.0	5588.0	1402.5925	143146.0	33203.31	
782	14706.0	2887.8965	66799.0	15220.852	1.0	1.0	5393.0	1346.8445	143501.0	33286.367	
783	14544.0	2855.7327	66818.0	15231.502	1.0	1.0	5181.0	1286.5089	143856.0	33368.2	
784	14398.0	2825.9521	66818.0	15236.213	1.0	1.0	4979.0	1229.9629	144204.0	33449.812	
785	14251.0	2796.5457	66817.0	15239.86	1.0	1.0	4774.0	1173.516	144557.0	33532.04	
786	14109.0	2768.4448	66819.0	15244.579	1.0	1.0	4576.0	1116.7888	144895.0	33612.12	
787	13945.0	2735.7673	66818.0	15246.884	1.0	1.0	4381.0	1064.2003	145255.0	33695.086	
788	13789.0	2704.187	66809.0	15250.709	1.0	1.0	4190.0	1011.35547	145611.0	33775.668	
789	13653.0	2675.6177	66802.0	15251.829	1.0	1.0	3985.0	955.6139	145959.0	33858.867	
790	13539.0	2654.558	66769.0	15250.776	1.0	1.0	3804.0	905.6301	146287.0	33930.99	
791	13401.0	2626.1326	66755.0	15252.031	1.0	1.0	3612.0	853.0292	146631.0	34010.723	
792	13262.0	2597.4958	66729.0	15249.894	1.0	1.0	3434.0	805.9136	146974.0	34088.63	
793	13141.0	2572.3533	66714.0	15248.491	1.0	1.0	3242.0	757.0832	147302.0	34163.996	
794	13031.0	2549.9412	66698.0	15250.783	1.0	1.0	3052.0	707.0808	147618.0	34234.1	
795	12904.0	2524.9814	66675.0	15249.641	1.0	1.0	2870.0	659.5089	147950.0	34307.797	
796	12788.0	2502.749	66646.0	15247.317	1.0	1.0	2685.0	610.8492	148280.0	34381.0	
797	12685.0	2483.5698	66611.0	15242.584	1.0	1.0	2518.0	567.7674	148585.0	34447.99	
798	12585.0	2463.1643	66589.0	15239.808	1.0	1.0	2340.0	522.7705	148885.0	34516.133	
799	12473.0	2439.8542	66553.0	15234.44	1.0	1.0	2172.0	480.0139	149201.0	34587.582	
800	12353.0	2416.5164	66521.0	15229.671	1.0	1.0	2008.0	437.18695	149517.0	34658.543	
801	12226.0	2391.0867	66484.0	15222.906	1.0	1.0	1843.0	394.26535	149846.0	34733.7	
802	12120.0	2369.0674	66455.0	15217.124	1.0	1.0	1676.0	353.05582	150148.0	34802.723	
803	12022.0	2350.4685	66398.0	15202.0205	1.0	1.0	1524.0	319.49936	150455.0	34869.95	
804	11898.0	2326.1143	66381.0	15193.682	1.0	1.0	1351.0	281.03116	150769.0	34941.09	
805	11778.0	2303.0786	66320.0	15175.472	1.0	1.0	1208.0	249.47012	151093.0	35013.855	
806	11654.0	2278.8252	66258.0	15154.442	1.0	1.0	1076.0	222.72025	151411.0	35085.887	
807	11523.0	2252.5872	66204.0	15135.039	1.0	1.0	931.0	195.46938	151741.0	35158.773	
808	11418.0	2231.2952	66161.0	15115.905	1.0	1.0	781.0	167.44032	152039.0	35227.277	
809	11302.0	2208.9187	66101.0	15095.65	1.0	1.0	663.0	143.21393	152333.0	35294.15	
810	11198.0	2187.6697	66007.0	15067.386	1.0	1.0	558.0	121.5006	152636.0	35365.35	
811	11097.0	2168.1348	65899.0	15037.651	1.0	1.0	471.0	102.72438	152932.0	35433.35	
812	11000.0	2150.3967	65761.0	15000.253	1.0	1.0	393.0	86.61463	153245.0	35504.6	
813	10880.0	2125.019	65630.0	14963.935	1.0	1.0	326.0	71.400505	153563.0	35581.45	
814	10743.0	2097.96	65487.0	14927.66	1.0	1.0	268.0	58.209957	153901.0	35657.973	
815	10628.0	2073.4858	65345.0	14890.709	1.0	1.0	211.0	44.46266	154215.0	35733.14	
816	10536.0	2054.4575	65186.0	14848.813	1.0	1.0	154.0	31.35248	154523.0	35807.223	
817	10421.0	2030.2808	65010.0	14801.956	1.0	1.0	115.0	22.479084	154853.0	35887.082	
818	10296.0	2005.793	64838.0	14755.312	1.0	1.0	80.0	14.856766	155185.0	35965.83	
819	10188.0	1982.7166	64661.0	14708.203	1.0	1.0	50.0	9.16982	155500.0	36041.703	
820	10080.0	1959.2195	64476.0	14658.512	1.0	1.0	31.0	6.3474116	155812.0	36117.71	
821	9961.0	1935.7162	64295.0	14609.42	1.0	1.0	15.0	3.9798682	156128.0	36192.664	
822	9862.0	1915.6088	64094.0	14555.634	1.0	1.0	12.0	3.5703251	156431.0	36266.97	
823	9755.0	1895.4872	63888.0	14502.591	1.0	1.0	7.0	2.2919226	156749.0	36341.39	
824	9635.0	1872.7332	63685.0	14449.786	1.0	1.0	7.0	2.2919226	157072.0	36416.945	
825	9493.0	1842.4839	63495.0	14400.852	1.0	1.0	7.0	2.2919226	157404.0	36496.203	
826	9373.0	1819.1176	63287.0	14349.444	1.0	1.0	4.0	1.4619823	157735.0	36571.844	
827	9270.0	1798.0687	63097.0	14303.116	1.0	1.0	3.0	1.2838995	158029.0	36639.414	
828	9169.0	1778.7981	62880.0	14250.218	1.0	1.0	2.0	1.0910963	158348.0	36711.78	
829	9062.0	1756.1453	62670.0	14197.296	1.0	1.0	1.0	1.0	158666.0	36787.473	
830	8960.0	1735.027	62474.0	14147.865	1.0	1.0	1.0	1.0	158964.0	36858.008	
831	8861.0	1714.8715	62277.0	14099.669	1.0	1.0	1.0	1.0	159260.0	36926.438	
832	8780.0	1698.7245	62087.0	14054.504	1.0	1.0	1.0	1.0	159531.0	36987.742	
833	8680.0	1678.1562	61890.0	14008.554	1.0	1.0	1.0	1.0	159828.0	37054.28	
834	8578.0	1658.5599	61693.0	13962.418	1.0	1.0	1.0	1.0	160127.0	37120.0	
835	8472.0	1637.4862	61497.0	13915.819	1.0	1.0	1.0	1.0	160429.0	37187.695	
836	8384.0	1620.3177	61300.0	13868.978	1.0	1.0	1.0	1.0	160714.0	37251.7	
837	8295.0	1604.5146	61083.0	13818.341	1.0	1.0	1.0	1.0	161020.0	37318.15	
838	8216.0	1588.2499	60872.0	13769.214	1.0	1.0	1.0	1.0	161310.0	37383.49	
839	8142.0	1574.2574	60660.0	13720.568	1.0	1.0	1.0	1.0	161596.0	37446.113	
840	8079.0	1562.599	60457.0	13675.6455	1.0	1.0	1.0	1.0	161862.0	37502.684	
841	8003.0	1549.3682	60265.0	13631.462	1.0	1.0	1.0	1.0	162130.0	37560.105	
842	7935.0	1536.1937	60052.0	13582.722	1.0	1.0	1.0	1.0	162411.0	37621.996	
843	7864.0	1523.1017	59862.0	13538.289	1.0	1.0	1.0	1.0	162672.0	37679.51	
844	7802.0	1509.527	59668.0	13493.757	1.0	1.0	1.0	1.0	162928.0	37737.62	
845	7720.0	1492.8593	59450.0	13442.003	1.0	1.0	1.0	1.0	163228.0	37806.062	
846	7641.0	1476.8005	59246.0	13391.499	1.0	1.0	1.0	1.0	163511.0	37872.617	
847	7571.0	1462.698	59049.0	13345.133	1.0	1.0	1.0	1.0	163778.0	37933.105	
848	7496.0	1447.901	58844.0	13295.302	1.0	1.0	1.0	1.0	164058.0	37997.715	
849	7417.0	1432.5488	58585.0	13232.99	1.0	1.0	1.0	1.0	164396.0	38075.402	
850	7345.0	1419.7589	58278.0	13160.086	1.0	1.0	1.0	1.0	164775.0	38161.066	
851	7281.0	1407.7595	57969.0	13087.452	1.0	1.0	1.0	1.0	165148.0	38245.684	
852	7203.0	1393.956	57632.0	13008.36	1.0	1.0	1.0	1.0	165563.0	38338.594	
853	7140.0	1381.7684	57324.0	12935.177	1.0	1.0	1.0	1.0	165934.0	38423.957	
854	7071.0	1369.8464	57004.0	12857.715	1.0	1.0	1.0	1.0	166323.0	38513.42	
855	6997.0	1357.5823	56703.0	12784.99	1.0	1.0	1.0	1.0	166698.0	38598.438	
856	6916.0	1343.375	56379.0	12704.684	1.0	1.0	1.0	1.0	167103.0	38692.953	
857	6861.0	1332.248	56057.0	12621.471	1.0	1.0	1.0	1.0	167480.0	38787.32	
858	6803.0	1320.1923	55723.0	12538.592	1.0	1.0	1.0	1.0	167872.0	38882.316	
859	6745.0	1307.9808	55409.0	12457.423	1.0	1.0	1.0	1.0	168244.0	38975.715	
860	6688.0	1296.7777	55087.0	12371.646	1.0	1.0	1.0	1.0	168623.0	39072.7	
861	6617.0	1282.8762	54772.0	12288.712	1.0	1.0	1.0	1.0	169009.0	39169.562	
862	6563.0	1273.0488	54457.0	12207.908	1.0	1.0	1.0	1.0	169378.0	39260.23	
863	6504.0	1260.8844	54134.0	12123.465	1.0	1.0	1.0	1.0	169760.0	39356.836	
864	6438.0	1248.237	53816.0	12039.323	1.0	1.0	1.0	1.0	170144.0	39453.7	
865	6366.0	1233.5035	53502.0	11956.021	1.0	1.0	1.0	1.0	170530.0	39551.746	
866	6289.0	1217.3695	53181.0	11872.618	1.0	1.0	1.0	1.0	170928.0	39651.3	
867	6230.0	1203.9972	52870.0	11790.826	1.0	1.0	1.0	1.0	171298.0	39746.42	
868	6164.0	1189.6355	52560.0	11711.03	1.0	1.0	1.0	1.0	171674.0	39840.535	
869	6093.0	1175.0452	52256.0	11628.307	1.0	1.0	1.0	1.0	172049.0	39937.82	
870	6009.0	1160.3081	51931.0	11543.488	1.0	1.0	1.0	1.0	172458.0	40037.37	
871	5940.0	1148.409	51620.0	11464.793	1.0	1.0	1.0	1.0	172838.0	40127.977	
872	5881.0	1137.1338	51288.0	11378.09	1.0	1.0	1.0	1.0	173229.0	40225.934	
873	5821.0	1125.1659	50952.0	11291.681	1.0	1.0	1.0	1.0	173625.0	40324.297	
874	5757.0	1110.8065	50634.0	11208.111	1.0	1.0	1.0	1.0	174007.0	40422.297	
875	5696.0	1098.6914	50313.0	11126.876	1.0	1.0	1.0	1.0	174389.0	40515.688	
876	5645.0	1088.1376	49968.0	11038.6875	1.0	1.0	1.0	1.0	174785.0	40614.38	
877	5580.0	1075.7887	49648.0	10959.799	1.0	1.0	1.0	1.0	175170.0	40705.625	
878	5517.0	1063.8915	49331.0	10883.617	1.0	1.0	1.0	1.0	175550.0	40793.69	
879	5462.0	1053.6768	49016.0	10811.821	1.0	1.0	1.0	1.0	175920.0	40875.723	
880	5413.0	1043.5302	48692.0	10737.141	1.0	1.0	1.0	1.0	176293.0	40960.562	
881	5354.0	1032.1129	48380.0	10667.076	1.0	1.0	1.0	1.0	176664.0	41042.047	
882	5302.0	1021.2797	48057.0	10597.314	1.0	1.0	1.0	1.0	177039.0	41122.637	
883	5248.0	1010.87665	47743.0	10534.527	1.0	1.0	1.0	1.0	177407.0	41195.844	
884	5188.0	999.1596	47406.0	10468.838	1.0	1.0	1.0	1.0	177804.0	41273.26	
885	5132.0	988.7344	47078.0	10406.346	1.0	1.0	1.0	1.0	178188.0	41346.18	
886	5084.0	978.5108	46768.0	10350.052	1.0	1.0	1.0	1.0	178546.0	41412.72	
887	5043.0	968.99286	46424.0	10286.909	1.0	1.0	1.0	1.0	178931.0	41485.34	
888	4998.0	960.06744	46095.0	10229.166	1.0	1.0	1.0	1.0	179305.0	41552.01	
889	4944.0	949.7545	45776.0	10173.493	1.0	1.0	1.0	1.0	179678.0	41617.965	
890	4897.0	941.1429	45464.0	10120.095	1.0	1.0	1.0	1.0	180037.0	41679.973	
891	4852.0	932.42224	45134.0	10062.282	1.0	1.0	1.0	1.0	180412.0	41746.504	
892	4786.0	918.1705	44803.0	10005.229	1.0	1.0	1.0	1.0	180809.0	41817.805	
893	4743.0	909.5125	44490.0	9951.017	1.0	1.0	1.0	1.0	181165.0	41880.68	
894	4699.0	901.7506	44184.0	9898.138	1.0	1.0	1.0	1.0	181515.0	41941.316	
895	4655.0	893.1323	43861.0	9841.806	1.0	1.0	1.0	1.0	181882.0	42006.25	
896	4605.0	884.38025	43534.0	9783.274	1.0	1.0	1.0	1.0	182259.0	42073.566	
897	4561.0	875.75385	43218.0	9723.737	1.0	1.0	1.0	1.0	182619.0	42141.727	
898	4505.0	864.51105	42911.0	9666.209	1.0	1.0	1.0	1.0	182982.0	42210.48	
899	4460.0	855.5253	42590.0	9605.034	1.0	1.0	1.0	1.0	183348.0	42280.65	
900	4418.0	848.54346	42260.0	9537.505	1.0	1.0	1.0	1.0	183720.0	42355.168	
901	4373.0	840.24786	41943.0	9474.754	1.0	1.0	1.0	1.0	184082.0	42426.24	
902	4331.0	831.8954	41619.0	9408.288	1.0	1.0	1.0	1.0	184448.0	42501.055	
903	4284.0	823.1255	41304.0	9343.741	1.0	1.0	1.0	1.0	184810.0	42574.375	
904	4253.0	817.1155	40990.0	9281.836	1.0	1.0	1.0	1.0	185155.0	42642.285	
905	4221.0	811.17865	40663.0	9216.799	1.0	1.0	1.0	1.0	185514.0	42713.234	
906	4190.0	805.21674	40343.0	9152.631	1.0	1.0	1.0	1.0	185865.0	42783.312	
907	4154.0	800.5679	40025.0	9089.745	1.0	1.0	1.0	1.0	186219.0	42850.816	
908	4099.0	789.9192	39711.0	9026.471	1.0	1.0	1.0	1.0	186588.0	42924.71	
909	4053.0	780.95215	39391.0	8962.322	1.0	1.0	1.0	1.0	186954.0	42997.797	
910	4004.0	771.5034	39081.0	8899.1	1.0	1.0	1.0	1.0	187313.0	43070.453	
911	3975.0	765.53265	38750.0	8830.302	1.0	1.0	1.0	1.0	187673.0	43145.24	
912	3928.0	756.8098	38436.0	8767.154	1.0	1.0	1.0	1.0	188034.0	43217.1	
913	3884.0	748.784	38110.0	8702.202	1.0	1.0	1.0	1.0	188404.0	43290.066	
914	3860.0	743.4611	37769.0	8631.728	1.0	1.0	1.0	1.0	188769.0	43365.883	
915	3813.0	733.6243	37442.0	8564.964	1.0	1.0	1.0	1.0	189143.0	43442.5	
916	3783.0	728.3554	37124.0	8498.935	1.0	1.0	1.0	1.0	189491.0	43513.797	
917	3755.0	723.50635	36794.0	8430.533	1.0	1.0	1.0	1.0	189849.0	43587.023	
918	3727.0	717.9802	36445.0	8359.855	1.0	1.0	1.0	1.0	190226.0	43663.26	
919	3681.0	708.9531	36124.0	8292.798	1.0	1.0	1.0	1.0	190593.0	43739.35	
920	3650.0	702.7241	35808.0	8229.624	1.0	1.0	1.0	1.0	190940.0	43808.76	
921	3613.0	694.6125	35491.0	8164.577	1.0	1.0	1.0	1.0	191294.0	43881.89	
922	3575.0	686.6806	35191.0	8101.8096	1.0	1.0	1.0	1.0	191632.0	43952.598	
923	3546.0	681.6269	34876.0	8034.3086	1.0	1.0	1.0	1.0	191976.0	44025.11	
924	3507.0	674.8684	34551.0	7966.406	1.0	1.0	1.0	1.0	192340.0	44099.754	
925	3458.0	663.7589	34238.0	7898.6147	1.0	1.0	1.0	1.0	192702.0	44178.652	
926	3430.0	658.82526	33933.0	7835.32	1.0	1.0	1.0	1.0	193035.0	44246.875	
927	3401.0	653.0371	33626.0	7772.4053	1.0	1.0	1.0	1.0	193371.0	44315.535	
928	3360.0	643.991	33332.0	7708.89	1.0	1.0	1.0	1.0	193706.0	44388.094	
929	3339.0	639.96765	33033.0	7644.2925	1.0	1.0	1.0	1.0	194026.0	44456.746	
930	3300.0	633.7058	32730.0	7581.498	1.0	1.0	1.0	1.0	194368.0	44525.77	
931	3262.0	624.9172	32429.0	7518.917	1.0	1.0	1.0	1.0	194707.0	44597.14	
932	3234.0	618.7972	32132.0	7457.665	1.0	1.0	1.0	1.0	195032.0	44664.492	
933	3198.0	612.17224	31848.0	7401.938	1.0	1.0	1.0	1.0	195352.0	44726.848	
934	3177.0	609.17285	31549.0	7342.4604	1.0	1.0	1.0	1.0	195672.0	44789.316	
935	3149.0	604.54913	31273.0	7289.6274	1.0	1.0	1.0	1.0	195976.0	44846.78	
936	3114.0	598.5503	30991.0	7232.357	1.0	1.0	1.0	1.0	196293.0	44910.05	
937	3089.0	594.14465	30704.0	7175.6255	1.0	1.0	1.0	1.0	196605.0	44971.207	
938	3065.0	589.0397	30408.0	7116.791	1.0	1.0	1.0	1.0	196925.0	45035.19	
939	3043.0	584.7301	30111.0	7052.859	1.0	1.0	1.0	1.0	197244.0	45103.43	
940	3017.0	579.8499	29819.0	6989.5303	1.0	1.0	1.0	1.0	197562.0	45171.625	
941	2981.0	573.8361	29515.0	6920.2207	1.0	1.0	1.0	1.0	197902.0	45246.97	
942	2956.0	568.94727	29056.0	6813.9375	1.0	1.0	1.0	1.0	198386.0	45358.15	
943	2925.0	562.3061	28588.0	6702.796	1.0	1.0	1.0	1.0	198885.0	45475.92	
944	2898.0	556.9193	28158.0	6597.1943	1.0	1.0	1.0	1.0	199342.0	45586.9	
945	2872.0	552.68066	27735.0	6488.897	1.0	1.0	1.0	1.0	199791.0	45699.457	
946	2849.0	549.6661	27271.0	6364.019	1.0	1.0	1.0	1.0	200278.0	45827.31	
947	2810.0	543.1844	26839.0	6243.8193	1.0	1.0	1.0	1.0	200749.0	45954.02	
948	2788.0	539.56104	26389.0	6119.63	1.0	1.0	1.0	1.0	201221.0	46081.863	
949	2773.0	536.75275	25950.0	6001.1084	1.0	1.0	1.0	1.0	201675.0	46203.207	
950	2748.0	531.98193	25533.0	5888.554	1.0	1.0	1.0	1.0	202117.0	46320.547	
951	2728.0	528.7056	25093.0	5774.8975	1.0	1.0	1.0	1.0	202577.0	46437.45	
952	2708.0	524.234	24673.0	5676.5513	1.0	1.0	1.0	1.0	203017.0	46540.207	
953	2689.0	522.2505	24246.0	5576.459	1.0	1.0	1.0	1.0	203463.0	46642.32	
954	2670.0	519.83594	23821.0	5480.751	1.0	1.0	1.0	1.0	203907.0	46740.465	
955	2652.0	516.6548	23384.0	5385.1694	1.0	1.0	1.0	1.0	204362.0	46839.273	
956	2633.0	512.8623	22967.0	5292.0723	1.0	1.0	1.0	1.0	204798.0	46936.14	
957	2616.0	510.7649	22539.0	5199.167	1.0	1.0	1.0	1.0	205243.0	47031.17	
958	2599.0	507.12836	22137.0	5106.5923	1.0	1.0	1.0	1.0	205662.0	47127.395	
959	2582.0	502.54736	21727.0	5012.7803	1.0	1.0	1.0	1.0	206089.0	47225.81	
960	2553.0	496.31384	21323.0	4917.933	1.0	1.0	1.0	1.0	206522.0	47326.918	
961	2535.0	491.35107	20925.0	4818.8384	1.0	1.0	1.0	1.0	206938.0	47430.996	
962	2510.0	485.90656	20533.0	4723.353	1.0	1.0	1.0	1.0	207355.0	47531.926	
963	2493.0	485.03683	20156.0	4629.8237	1.0	1.0	1.0	1.0	207749.0	47626.312	
964	2463.0	477.24573	19792.0	4541.488	1.0	1.0	1.0	1.0	208143.0	47722.406	
965	2444.0	472.93597	19434.0	4456.711	1.0	1.0	1.0	1.0	208520.0	47811.496	
966	2429.0	470.4212	19045.0	4361.694	1.0	1.0	1.0	1.0	208924.0	47909.04	
967	2419.0	469.23056	18683.0	4276.4883	1.0	1.0	1.0	1.0	209296.0	47995.44	
968	2400.0	466.04	18312.0	4190.6235	1.0	1.0	1.0	1.0	209686.0	48084.547	
969	2379.0	461.3398	17962.0	4107.914	1.0	1.0	1.0	1.0	210057.0	48171.957	
970	2360.0	458.30524	17621.0	4028.156	1.0	1.0	1.0	1.0	210417.0	48254.74	
971	2336.0	453.07803	17264.0	3946.0051	1.0	1.0	1.0	1.0	210798.0	48342.098	
972	2315.0	450.26868	16931.0	3869.1357	1.0	1.0	1.0	1.0	211152.0	48421.777	
973	2300.0	448.96365	16585.0	3790.3093	1.0	1.0	1.0	1.0	211513.0	48501.953	
974	2282.0	446.07202	16241.0	3714.6426	1.0	1.0	1.0	1.0	211875.0	48580.527	
975	2272.0	444.79984	15914.0	3642.443	1.0	1.0	1.0	1.0	212212.0	48653.996	
976	2257.0	441.5854	15570.0	3567.7583	1.0	1.0	1.0	1.0	212571.0	48731.9	
977	2239.0	439.29504	15243.0	3497.2085	1.0	1.0	1.0	1.0	212916.0	48804.76	
978	2226.0	436.46417	14919.0	3429.1726	1.0	1.0	1.0	1.0	213253.0	48875.633	
979	2207.0	432.8966	14592.0	3356.7454	1.0	1.0	1.0	1.0	213599.0	48951.664	
980	2190.0	430.2841	14259.0	3279.4453	1.0	1.0	1.0	1.0	213949.0	49031.53	
981	2170.0	427.21555	13927.0	3201.0342	1.0	1.0	1.0	1.0	214301.0	49112.984	
982	2169.0	427.34274	13617.0	3127.9592	1.0	1.0	1.0	1.0	214612.0	49185.977	
983	2145.0	422.0291	13313.0	3051.6023	1.0	1.0	1.0	1.0	214940.0	49267.65	
984	2125.0	417.95386	13005.0	2972.715	1.0	1.0	1.0	1.0	215268.0	49350.61	
985	2101.0	412.03412	12704.0	2896.6968	1.0	1.0	1.0	1.0	215593.0	49432.62	
986	2084.0	408.7511	12393.0	2816.9375	1.0	1.0	1.0	1.0	215921.0	49515.676	
987	2082.0	407.74075	12098.0	2739.292	1.0	1.0	1.0	1.0	216218.0	49594.36	
988	2059.0	404.20242	11826.0	2669.102	1.0	1.0	1.0	1.0	216513.0	49668.074	
989	2051.0	403.34842	11536.0	2595.0576	1.0	1.0	1.0	1.0	216811.0	49742.957	
990	2032.0	399.70776	11271.0	2521.6436	1.0	1.0	1.0	1.0	217095.0	49820.06	
991	2021.0	398.60455	10967.0	2439.64	1.0	1.0	1.0	1.0	217410.0	49903.2	
992	2000.0	394.05765	10711.0	2371.6392	1.0	1.0	1.0	1.0	217687.0	49975.754	
993	1989.0	391.57578	10447.0	2302.2493	1.0	1.0	1.0	1.0	217962.0	50047.61	
994	1984.0	390.52258	10180.0	2236.433	1.0	1.0	1.0	1.0	218234.0	50114.508	
995	1970.0	388.21976	9904.0	2166.926	1.0	1.0	1.0	1.0	218524.0	50186.312	
996	1956.0	385.676	9678.0	2109.476	1.0	1.0	1.0	1.0	218764.0	50246.27	
997	1935.0	382.19327	9415.0	2042.9657	1.0	1.0	1.0	1.0	219048.0	50316.223	
998	1918.0	380.25134	9169.0	1982.5834	1.0	1.0	1.0	1.0	219311.0	50378.496	
999	1901.0	379.03653	8918.0	1919.2778	1.0	1.0	1.0	1.0	219579.0	50443.01	
1000	1884.0	375.66977	8672.0	1857.2294	1.0	1.0	1.0	1.0	219842.0	50508.438	
1001	1869.0	372.3933	8418.0	1792.8871	1.0	1.0	1.0	1.0	220111.0	50576.055	
1002	1857.0	369.3882	8165.0	1726.1295	1.0	1.0	1.0	1.0	220376.0	50645.836	
1003	1842.0	366.3018	7950.0	1670.5123	1.0	1.0	1.0	1.0	220606.0	50704.49	
1004	1833.0	364.72495	7713.0	1607.2295	1.0	1.0	1.0	1.0	220852.0	50769.344	
1005	1815.0	361.11475	7477.0	1545.5269	1.0	1.0	1.0	1.0	221106.0	50834.668	
1006	1807.0	359.11337	7247.0	1487.9064	1.0	1.0	1.0	1.0	221344.0	50894.273	
1007	1786.0	354.69714	7041.0	1439.5619	1.0	1.0	1.0	1.0	221571.0	50947.004	
1008	1764.0	349.9946	6819.0	1387.8448	1.0	1.0	1.0	1.0	221815.0	51003.45	
1009	1747.0	346.83386	6616.0	1343.375	1.0	1.0	1.0	1.0	222035.0	51051.11	
1010	1741.0	345.52295	6390.0	1295.2787	1.0	1.0	1.0	1.0	222267.0	51100.57	
1011	1723.0	342.26114	6161.0	1248.9667	1.0	1.0	1.0	1.0	222514.0	51150.18	
1012	1709.0	338.645	5966.0	1209.9578	1.0	1.0	1.0	1.0	222723.0	51192.793	
1013	1701.0	337.7631	5770.0	1169.2201	1.0	1.0	1.0	1.0	222927.0	51234.4	
1014	1677.0	332.4533	5566.0	1127.8081	1.0	1.0	1.0	1.0	223155.0	51281.125	
1015	1668.0	331.4273	5369.0	1082.3223	1.0	1.0	1.0	1.0	223361.0	51327.664	
1016	1658.0	330.23486	5179.0	1039.398	1.0	1.0	1.0	1.0	223561.0	51371.74	
1017	1649.0	328.6271	4996.0	995.2707	1.0	1.0	1.0	1.0	223753.0	51417.492	
1018	1630.0	324.32907	4823.0	956.4165	1.0	1.0	1.0	1.0	223945.0	51460.633	
1019	1615.0	321.50095	4657.0	919.06006	1.0	1.0	1.0	1.0	224126.0	51500.81	
1020	1599.0	318.00888	4470.0	875.65753	1.0	1.0	1.0	1.0	224329.0	51547.723	
1021	1582.0	314.58536	4309.0	837.6857	1.0	1.0	1.0	1.0	224507.0	51589.086	
1022	1572.0	312.56046	4149.0	802.1666	1.0	1.0	1.0	1.0	224677.0	51626.61	
1023	1565.0	311.22018	3981.0	762.5519	1.0	1.0	1.0	1.0	224852.0	51667.535	
1024	1554.0	309.85574	3810.0	721.47046	1.0	1.0	1.0	1.0	225034.0	51709.996	
1025	1538.0	305.6864	3647.0	687.04224	1.0	1.0	1.0	1.0	225213.0	51748.59	
1026	1519.0	302.27066	3499.0	658.4641	1.0	1.0	1.0	1.0	225380.0	51780.57	
1027	1508.0	300.30862	3345.0	630.93066	1.0	1.0	1.0	1.0	225545.0	51810.055	
1028	1498.0	297.2357	3203.0	607.5738	1.0	1.0	1.0	1.0	225697.0	51836.492	
1029	1481.0	293.02927	3058.0	585.3913	1.0	1.0	1.0	1.0	225859.0	51862.89	
1030	1469.0	289.89575	2918.0	563.6911	1.0	1.0	1.0	1.0	226011.0	51887.742	
1031	1459.0	287.9022	2787.0	543.47485	1.0	1.0	1.0	1.0	226152.0	51909.945	
1032	1444.0	284.54156	2650.0	523.6614	1.0	1.0	1.0	1.0	226304.0	51933.11	
1033	1432.0	281.16766	2531.0	505.99622	1.0	1.0	1.0	1.0	226435.0	51954.14	
1034	1419.0	278.92865	2410.0	488.9299	1.0	1.0	1.0	1.0	226569.0	51973.445	
1035	1412.0	277.1151	2284.0	472.21536	1.0	1.0	1.0	1.0	226702.0	51991.973	
1036	1397.0	274.55722	2158.0	453.91116	1.0	1.0	1.0	1.0	226843.0	52012.83	
1037	1386.0	272.48276	2049.0	437.99353	1.0	1.0	1.0	1.0	226963.0	52030.824	
1038	1374.0	270.33682	1918.0	416.82803	1.0	1.0	1.0	1.0	227106.0	52054.137	
1039	1360.0	267.2335	1802.0	396.28708	1.0	1.0	1.0	1.0	227236.0	52077.758	
1040	1350.0	265.9471	1702.0	375.99213	1.0	1.0	1.0	1.0	227346.0	52099.344	
1041	1338.0	262.84125	1590.0	350.9525	1.0	1.0	1.0	1.0	227470.0	52127.508	
1042	1322.0	260.29352	1499.0	329.45145	1.0	1.0	1.0	1.0	227577.0	52151.555	
1043	1317.0	259.4779	1413.0	308.79822	1.0	1.0	1.0	1.0	227668.0	52173.02	
1044	1305.0	257.05786	1330.0	289.40826	1.0	1.0	1.0	1.0	227763.0	52194.836	
1045	1299.0	254.7783	1248.0	271.44955	1.0	1.0	1.0	1.0	227851.0	52215.1	
1046	1290.0	253.02643	1161.0	252.99075	1.0	1.0	1.0	1.0	227947.0	52235.32	
1047	1284.0	251.21823	1081.0	236.81427	1.0	1.0	1.0	1.0	228033.0	52253.3	
1048	1267.0	247.97997	992.0	219.33168	1.0	1.0	1.0	1.0	228139.0	52274.01	
1049	1259.0	246.21524	923.0	205.58945	1.0	1.0	1.0	1.0	228216.0	52289.527	
1050	1250.0	244.30814	840.0	189.65758	1.0	1.0	1.0	1.0	228308.0	52307.383	
1051	1237.0	241.9027	778.0	177.95456	1.0	1.0	1.0	1.0	228383.0	52321.496	
1052	1225.0	239.8609	714.0	166.98	1.0	1.0	1.0	1.0	228459.0	52334.504	
1053	1217.0	238.77594	644.0	155.17491	1.0	1.0	1.0	1.0	228537.0	52347.37	
1054	1204.0	235.40909	589.0	146.07738	1.0	1.0	1.0	1.0	228605.0	52359.83	
1055	1199.0	234.18549	531.0	136.58176	1.0	1.0	1.0	1.0	228668.0	52370.547	
1056	1187.0	231.4289	476.0	126.17767	1.0	1.0	1.0	1.0	228735.0	52383.71	
1057	1180.0	229.98125	425.0	116.56658	1.0	1.0	1.0	1.0	228793.0	52394.77	
1058	1167.0	227.67302	382.0	105.96486	1.0	1.0	1.0	1.0	228849.0	52407.684	
1059	1158.0	225.44131	334.0	93.78107	1.0	1.0	1.0	1.0	228906.0	52422.12	
1060	1142.0	222.27818	290.0	81.40304	1.0	1.0	1.0	1.0	228966.0	52437.656	
1061	1129.0	219.82387	251.0	70.14034	1.0	1.0	1.0	1.0	229018.0	52451.36	
1062	1112.0	216.65451	215.0	58.736694	1.0	1.0	1.0	1.0	229071.0	52465.934	
1063	1098.0	213.79643	181.0	47.436142	1.0	1.0	1.0	1.0	229119.0	52480.09	
1064	1084.0	210.58984	148.0	38.5066	1.0	1.0	1.0	1.0	229166.0	52492.215	
1065	1072.0	207.81448	113.0	26.912481	1.0	1.0	1.0	1.0	229213.0	52506.59	
1066	1068.0	207.44617	90.0	20.24338	1.0	1.0	1.0	1.0	229240.0	52513.637	
1067	1057.0	205.14319	69.0	15.25821	1.0	1.0	1.0	1.0	229272.0	52520.934	
1068	1048.0	203.34708	50.0	10.652668	1.0	1.0	1.0	1.0	229300.0	52527.332	
1069	1038.0	201.43533	38.0	8.274513	1.0	1.0	1.0	1.0	229322.0	52531.613	
1070	1032.0	199.93706	29.0	6.770966	1.0	1.0	1.0	1.0	229337.0	52534.613	
1071	1017.0	196.78	19.0	5.477273	1.0	1.0	1.0	1.0	229362.0	52539.062	
1072	1011.0	196.44902	11.0	3.29588	1.0	1.0	1.0	1.0	229376.0	52541.574	
1073	1004.0	195.17798	6.0	1.6536762	1.0	1.0	1.0	1.0	229388.0	52544.48	
1074	991.0	190.85226	5.0	1.5290979	1.0	1.0	1.0	1.0	229402.0	52548.926	
1075	987.0	189.86598	5.0	1.5290979	1.0	1.0	1.0	1.0	229406.0	52549.91	
1076	978.0	187.86247	4.0	1.4206624	1.0	1.0	1.0	1.0	229416.0	52552.035	
1077	964.0	185.52763	2.0	1.0880657	1.0	1.0	1.0	1.0	229432.0	52554.7	
1078	959.0	184.66237	2.0	1.0880657	1.0	1.0	1.0	1.0	229437.0	52555.566	
1079	952.0	183.34875	2.0	1.0880657	1.0	1.0	1.0	1.0	229444.0	52556.88	
1080	943.0	182.41803	1.0	1.0	1.0	1.0	1.0	1.0	229454.0	52557.902	
1081	930.0	180.21149	1.0	1.0	1.0	1.0	1.0	1.0	229467.0	52560.098	
1082	917.0	176.82904	1.0	1.0	1.0	1.0	1.0	1.0	229480.0	52563.48	
1083	911.0	175.80305	1.0	1.0	1.0	1.0	1.0	1.0	229486.0	52564.504	
1084	900.0	173.24252	1.0	1.0	1.0	1.0	1.0	1.0	229497.0	52567.07	
1085	892.0	171.79874	1.0	1.0	1.0	1.0	1.0	1.0	229505.0	52568.508	
1086	885.0	170.26086	1.0	1.0	1.0	1.0	1.0	1.0	229512.0	52570.05	
1087	875.0	168.8575	1.0	1.0	1.0	1.0	1.0	1.0	229522.0	52571.457	
1088	864.0	166.90794	1.0	1.0	1.0	1.0	1.0	1.0	229533.0	52573.41	
1089	855.0	165.63599	1.0	1.0	1.0	1.0	1.0	1.0	229542.0	52574.684	
1090	852.0	164.9252	1.0	1.0	1.0	1.0	1.0	1.0	229545.0	52575.402	
1091	841.0	162.58853	1.0	1.0	1.0	1.0	1.0	1.0	229556.0	52577.723	
1092	837.0	161.35733	1.0	1.0	1.0	1.0	1.0	1.0	229560.0	52578.957	
1093	831.0	160.43901	1.0	1.0	1.0	1.0	1.0	1.0	229566.0	52579.87	
1094	824.0	159.13759	1.0	1.0	1.0	1.0	1.0	1.0	229573.0	52581.17	
1095	812.0	157.02577	1.0	1.0	1.0	1.0	1.0	1.0	229585.0	52583.297	
1096	801.0	155.6651	1.0	1.0	1.0	1.0	1.0	1.0	229596.0	52584.664	
1097	794.0	154.32878	1.0	1.0	1.0	1.0	1.0	1.0	229603.0	52585.992	
1098	786.0	152.88293	1.0	1.0	1.0	1.0	1.0	1.0	229611.0	52587.44	
1099	780.0	151.63258	1.0	1.0	1.0	1.0	1.0	1.0	229617.0	52588.684	
