SIMULATION PARAMETERS:
n = 27
m = 48
p = 6
resource_noise_scale = 0.27777776
q = 0.0
E_C = 0.0
P_HF = 0.5
R_t = 0.0
SIMULATION DATA:
t	NATION 0 S	NATION 0 R	NATION 0 A_BAR	NATION 0 ACTION	NATION 1 S	NATION 1 R	NATION 1 A_BAR	NATION 1 ACTION	NATION 2 S	NATION 2 R	NATION 2 A_BAR	NATION 2 ACTION	NATION 3 S	NATION 3 R	NATION 3 A_BAR	NATION 3 ACTION	NATION 4 S	NATION 4 R	NATION 4 A_BAR	NATION 4 ACTION	NATION 5 S	NATION 5 R	NATION 5 A_BAR	NATION 5 ACTION	
1	1	1.0	0.0	Null	1	1.0	0.0	Null	1	1.0	0.0	Null	1	1.0	0.0	Null	1	1.0	0.0	Null	1	1.0	0.0	Null	
2	2	1.3683507	0.0	Colonize	2	1.4656792	0.0	Colonize	2	1.4008625	0.0	Colonize	2	1.264739	0.0	Colonize	2	1.2335498	0.0	Colonize	2	1.1502862	0.0	Colonize	
3	3	1.6635622	0.5	Colonize	3	1.8853558	0.5	Colonize	3	1.781256	0.5	Colonize	3	1.4923897	0.5	Colonize	3	1.4221587	0.5	Colonize	3	1.2931578	0.5	Colonize	
4	4	1.9541281	1.3333334	Colonize	4	2.295641	1.3333334	Colonize	4	2.014423	1.3333334	Colonize	4	1.6469139	1.3333334	Colonize	4	1.5404135	1.3333334	Colonize	4	1.4270513	1.3333334	Colonize	
5	5	2.1707325	1.75	Colonize	5	2.6740818	1.75	Colonize	5	2.1967204	1.75	Colonize	5	1.7982732	1.75	Colonize	5	1.6550282	2.25	Colonize	5	1.5180333	1.75	Colonize	
6	6	2.3793318	2.4	Colonize	6	3.043909	2.4	Colonize	6	2.3605943	2.4	Colonize	6	1.9374342	2.4	Colonize	6	1.7638128	2.4	Colonize	6	1.6063427	2.4	Colonize	
7	7	2.5505285	2.8333333	Colonize	7	3.382656	2.1666667	Colonize	7	2.498697	2.1666667	Colonize	7	2.0558856	2.5	Colonize	7	2.7638128	2.8333333	Colonize	7	1.689286	2.5	Colonize	
8	8	2.65376	2.857143	Colonize	8	3.692322	2.857143	Colonize	8	2.5963418	2.857143	Colonize	8	2.1395426	2.857143	Colonize	8	3.0267115	3.857143	Colonize	8	1.7708044	2.5714285	Colonize	
9	9	2.7357116	2.875	Colonize	9	3.9959779	3.375	Colonize	9	2.6694047	3.375	Colonize	9	2.2021973	3.375	Colonize	9	3.2095675	4.125	Colonize	9	1.8351481	2.875	Colonize	
10	10	3.7357116	3.5555556	Colonize	10	4.995978	3.5555556	Colonize	10	3.6694047	3.5555556	Colonize	10	3.2021973	3.5555556	Colonize	10	3.2759356	4.3333335	Colonize	10	2.835148	3.5555556	Colonize	
11	11	4.1934986	4.8	Colonize	11	5.537529	4.8	Colonize	11	4.0820217	4.8	Colonize	11	3.5291836	4.8	Colonize	11	3.4656966	4.5	Colonize	11	3.1132789	4.8	Colonize	
12	12	4.610825	4.7272725	Colonize	12	6.0560436	4.7272725	Colonize	12	4.4335475	4.909091	Colonize	12	3.690628	4.7272725	Colonize	12	3.6495512	4.6363635	Colonize	12	3.3674607	4.7272725	Colonize	
13	13	4.8549347	5.0	Colonize	13	6.5497966	4.6666665	Colonize	13	4.696369	5.0	Colonize	13	3.802267	5.0	Colonize	13	3.828418	4.75	Colonize	13	3.5821197	5.0	Colonize	
14	14	5.306348	5.076923	Colonize	14	7.160929	5.076923	Colonize	14	5.0695486	5.076923	Colonize	14	4.0730376	5.076923	Colonize	14	4.0336823	4.8461537	Colonize	14	4.0074306	5.076923	Colonize	
15	15	5.7487764	5.142857	Colonize	15	7.711233	5.0	Colonize	15	5.4308877	5.142857	Colonize	15	4.2527494	5.0	Colonize	15	4.2256293	4.785714	Colonize	15	4.363241	5.0	Colonize	
16	16	5.9963994	5.2	Colonize	16	8.160113	5.2	Colonize	16	5.663802	5.2	Colonize	16	4.3891544	5.2	Colonize	16	4.4009485	4.733333	Colonize	16	4.595042	5.2	Colonize	
17	17	6.4605293	5.25	Colonize	17	8.727385	5.25	Colonize	17	6.0523996	5.25	Colonize	17	4.5426354	5.375	Colonize	17	4.7086935	5.0625	Colonize	17	4.957295	5.25	Colonize	
18	18	6.8530045	5.1764708	Colonize	18	9.252766	5.2941175	Colonize	18	6.425443	5.2941175	Colonize	18	4.9061	5.4117646	Colonize	18	5.002694	5.117647	Colonize	18	5.206682	5.1764708	Colonize	
19	19	7.1336923	5.3333335	Colonize	19	9.700508	5.3333335	Colonize	19	6.6152844	5.3333335	Colonize	19	5.1087813	5.3333335	Colonize	19	5.2515836	5.1666665	Colonize	19	5.3685136	5.3333335	Colonize	
20	20	7.3252625	5.4736843	Colonize	20	10.16685	5.4736843	Colonize	20	6.869729	5.368421	Colonize	20	5.2392454	5.4736843	Colonize	20	5.7306185	5.2105265	Colonize	20	5.461917	5.4736843	Colonize	
21	21	7.390834	5.6	Colonize	21	10.372635	5.6	Colonize	21	7.116751	5.4	Colonize	21	5.4746227	5.6	Colonize	21	6.1950536	5.25	Colonize	21	5.5896077	5.6	Colonize	
22	22	7.864778	5.6190476	Colonize	22	10.8998165	5.6190476	Colonize	22	7.24994	5.428571	Colonize	22	5.731905	5.6190476	Colonize	22	6.600897	5.285714	Colonize	22	6.021887	5.6190476	Colonize	
23	23	8.14423	5.5454545	Colonize	23	11.379042	5.6363635	Colonize	23	7.490101	5.4545455	Colonize	23	5.979208	5.5454545	Colonize	23	7.2526774	5.318182	Colonize	23	6.3755856	5.5454545	Colonize	
24	24	8.416784	5.652174	Colonize	24	11.790994	5.7391305	Colonize	24	7.716403	5.478261	Colonize	24	6.187014	5.652174	Colonize	24	7.8705163	5.2608695	Colonize	24	6.5999765	5.652174	Colonize	
25	25	8.741787	5.75	Colonize	25	12.183585	5.75	Colonize	25	7.897404	5.5	Colonize	25	6.336694	5.75	Colonize	25	8.42476	5.375	Colonize	25	6.80273	5.75	Colonize	
26	26	9.204869	5.76	Colonize	26	12.680769	5.76	Colonize	26	8.111442	5.6	Colonize	26	6.47518	5.84	Colonize	26	9.091798	5.4	Colonize	26	7.1562014	5.76	Colonize	
27	27	9.527325	5.6923075	Colonize	27	13.170663	5.769231	Colonize	27	8.271769	5.6923075	Colonize	27	6.7337837	5.8461537	Colonize	27	9.730177	5.423077	Colonize	27	7.4820848	5.6923075	Colonize	
28	28	9.761891	5.7777777	Colonize	28	13.641075	5.851852	Colonize	28	8.375957	5.7777777	Colonize	28	6.9401207	5.7777777	Colonize	28	10.245397	5.4444447	Colonize	28	7.694474	5.7777777	Colonize	
29	29	10.017334	5.857143	Colonize	29	14.110107	5.857143	Colonize	29	8.45844	5.857143	Colonize	29	7.104726	5.857143	Colonize	29	10.8432865	5.464286	Colonize	29	7.8787713	5.857143	Colonize	
30	30	10.447166	5.862069	Colonize	30	14.547574	5.9310346	Colonize	30	8.702863	5.862069	Colonize	30	7.3252735	5.9310346	Colonize	30	11.326362	5.4827585	Colonize	30	8.282306	5.862069	Colonize	
31	31	10.867622	5.866667	Colonize	31	14.87176	6.0	Colonize	31	8.841345	5.8	Colonize	31	7.556774	6.0	Colonize	31	11.7414055	5.5	Colonize	31	8.683115	5.8	Colonize	
32	32	11.128934	5.870968	Colonize	32	15.551472	6.0	Colonize	32	8.907379	5.870968	Colonize	32	7.7620425	6.0	Colonize	32	12.40032	5.516129	Colonize	32	9.076149	5.870968	Colonize	
33	33	11.321162	5.9375	Colonize	33	16.199003	6.0	Colonize	33	9.02647	5.9375	Colonize	33	7.93064	5.9375	Colonize	33	12.909309	5.53125	Colonize	33	9.320364	5.9375	Colonize	
34	34	11.792405	5.939394	Colonize	34	16.73296	6.060606	Colonize	34	9.093558	6.0	Colonize	34	8.088774	6.0	Colonize	34	13.289587	5.5454545	Colonize	34	9.827498	5.939394	Colonize	
35	35	12.168965	5.882353	Colonize	35	17.232946	6.117647	Colonize	35	9.157632	6.0588236	Colonize	35	8.237766	6.0588236	Colonize	35	13.976624	5.5588236	Colonize	35	10.3317795	5.9411764	Colonize	
36	36	12.401905	5.9428573	Colonize	36	17.672821	6.1714287	Colonize	36	9.242794	6.114286	Colonize	36	8.442302	6.114286	Colonize	36	14.49879	5.571429	Colonize	36	10.746301	6.0	Colonize	
37	37	12.612397	6.0	Colonize	37	18.041151	6.1666665	Colonize	37	9.536391	6.111111	Colonize	37	8.70508	6.111111	Colonize	37	14.901174	5.5833335	Colonize	37	11.129836	6.0	Colonize	
38	38	13.2279	6.0	Colonize	38	18.611189	6.1621623	Colonize	38	9.689039	6.0540543	Colonize	38	8.883406	6.0540543	Colonize	38	15.458609	5.5945945	Colonize	38	11.605865	6.0	Colonize	
39	39	13.59794	5.9473686	Colonize	39	19.158737	6.1578946	Colonize	39	9.750323	6.105263	Colonize	39	9.002593	6.105263	Colonize	39	15.925462	5.605263	Colonize	39	12.031371	6.0	Colonize	
40	40	13.736312	6.0	Colonize	40	19.638844	6.205128	Colonize	40	9.825591	6.1538463	Colonize	40	9.16459	6.1538463	Colonize	40	16.307325	5.6153846	Colonize	40	12.371835	6.0	Colonize	
41	41	13.950587	6.05	Colonize	41	20.07903	6.25	Colonize	41	9.938724	6.2	Colonize	41	9.28947	6.2	Colonize	41	16.808342	5.625	Colonize	41	12.57212	6.05	Colonize	
42	42	14.326338	6.0487804	Colonize	42	20.437328	6.292683	Colonize	42	10.037056	6.243902	Colonize	42	9.50615	6.195122	Colonize	42	17.273918	5.634146	Colonize	42	12.91076	6.0487804	Colonize	
43	43	14.6619425	6.047619	Colonize	43	20.776308	6.285714	Colonize	43	10.051141	6.285714	Colonize	43	9.7043085	6.1904764	Colonize	43	17.698532	5.6904764	Colonize	43	13.246709	6.0	Colonize	
44	44	14.95813	6.0930233	Colonize	44	21.243359	6.27907	Colonize	44	10.310913	6.27907	Colonize	44	9.852314	6.2325583	Colonize	44	18.063929	5.744186	Colonize	44	13.510967	6.0465117	Colonize	
45	45	15.2570095	6.1363635	Colonize	45	21.708803	6.2727275	Colonize	45	10.558817	6.2727275	Colonize	45	9.954513	6.2272725	Colonize	45	18.511942	5.7954545	Colonize	45	13.611875	6.090909	Colonize	
46	46	15.521576	6.177778	Colonize	46	22.130009	6.266667	Colonize	46	10.790965	6.266667	Colonize	46	10.116785	6.266667	Colonize	46	18.85592	5.8444443	Colonize	46	13.900634	6.088889	Colonize	
47	47	15.799387	6.2173915	Colonize	47	22.473085	6.304348	Colonize	47	10.976895	6.304348	Colonize	47	10.304941	6.304348	Colonize	47	19.158632	5.8913045	Colonize	47	14.081021	6.0869565	Colonize	
48	48	16.087925	6.255319	Colonize	48	22.765398	6.3404255	Colonize	48	11.125562	6.3404255	Colonize	48	10.403027	6.3404255	Colonize	48	19.303339	5.893617	Colonize	48	14.255649	6.12766	Colonize	
49	49	16.253292	6.25	Colonize	49	23.083708	6.375	Colonize	49	11.256189	6.375	Colonize	49	10.456525	6.375	Colonize	49	19.469835	5.9375	Colonize	49	14.375947	6.1666665	Colonize	
50	50	16.351633	6.285714	Colonize	50	23.406496	6.408163	Colonize	50	11.476272	6.367347	Colonize	50	10.705895	6.367347	Colonize	50	19.623384	5.979592	Colonize	50	14.658228	6.2040815	Colonize	
51	51	16.404829	6.32	Colonize	51	23.8806	6.4	Colonize	51	11.680299	6.32	Colonize	51	10.904757	6.36	Colonize	51	19.67324	6.02	Colonize	51	14.905902	6.24	Colonize	
52	52	16.733765	6.3137255	Colonize	52	24.308132	6.392157	Colonize	52	11.805594	6.352941	Colonize	52	11.062467	6.392157	Colonize	52	19.805527	6.0588236	Colonize	52	15.045839	6.27451	Colonize	
53	53	17.03372	6.3076925	Colonize	53	24.707188	6.3846154	Colonize	53	11.867927	6.3846154	Colonize	53	11.160556	6.3846154	Colonize	53	19.978336	6.0961537	Colonize	53	15.116387	6.3076925	Colonize	
54	54	17.245062	6.3396225	Colonize	54	25.05517	6.4150944	Colonize	54	11.935789	6.4150944	Colonize	54	11.2655	6.4150944	Colonize	54	20.408495	6.09434	Colonize	54	15.177167	6.3018866	Colonize	
55	55	17.45825	6.3703704	Colonize	55	25.455887	6.4444447	Colonize	55	12.008655	6.4444447	Colonize	55	11.423311	6.4444447	Colonize	55	20.783518	6.0925927	Colonize	55	15.241203	6.3333335	Colonize	
56	56	17.7254	6.4	Colonize	56	25.909523	6.4727273	Colonize	56	12.072925	6.4727273	Colonize	56	11.476995	6.4727273	Colonize	56	21.04008	6.090909	Colonize	56	15.308798	6.3636365	Colonize	
57	57	17.922247	6.428571	Colonize	57	26.372725	6.5	Colonize	57	12.113795	6.5	Colonize	57	11.52834	6.5	Colonize	57	21.199884	6.125	Colonize	57	15.596684	6.357143	Colonize	
58	58	18.106287	6.4561405	Colonize	58	26.932795	6.491228	Colonize	58	12.320688	6.491228	Colonize	58	11.725037	6.491228	Colonize	58	21.600582	6.122807	Colonize	58	15.839422	6.3157897	Colonize	
59	59	18.341623	6.4827585	Colonize	59	27.318497	6.448276	Colonize	59	12.5195265	6.4827585	Colonize	59	11.900021	6.448276	Colonize	59	21.937904	6.12069	Colonize	59	15.935562	6.3448277	Colonize	
60	60	18.506336	6.4745765	Colonize	60	27.690702	6.4745765	Colonize	60	12.710627	6.4745765	Colonize	60	12.006889	6.4745765	Colonize	60	22.251257	6.118644	Colonize	60	15.983298	6.3728814	Colonize	
61	61	18.705332	6.5	Colonize	61	28.079329	6.5	Colonize	61	12.870242	6.5333333	Colonize	61	12.105577	6.5	Colonize	61	22.591246	6.1833334	Colonize	61	16.045916	6.4	Colonize	
62	62	19.03692	6.491803	Colonize	62	28.470947	6.52459	Colonize	62	13.068112	6.557377	Colonize	62	12.244962	6.52459	Colonize	62	22.94186	6.2131147	Colonize	62	16.30846	6.3934426	Colonize	
63	63	19.349854	6.483871	Colonize	63	28.843613	6.548387	Colonize	63	13.198529	6.548387	Colonize	63	12.395799	6.548387	Colonize	63	23.32509	6.2419353	Colonize	63	16.548069	6.354839	Colonize	
64	64	19.620909	6.5079365	Colonize	64	29.19813	6.571429	Colonize	64	13.319864	6.571429	Colonize	64	12.585468	6.571429	Colonize	64	23.633236	6.269841	Colonize	64	16.744905	6.3809524	Colonize	
65	65	19.88001	6.53125	Colonize	65	29.758226	6.5625	Colonize	65	13.433256	6.59375	Colonize	65	12.855145	6.5625	Colonize	65	23.906425	6.296875	Colonize	65	16.867191	6.40625	Colonize	
66	66	20.138533	6.5538464	Colonize	66	30.252821	6.523077	Colonize	66	13.65371	6.584615	Colonize	66	13.106955	6.523077	Colonize	66	24.055386	6.3230767	Colonize	66	16.933285	6.4307694	Colonize	
67	67	20.38317	6.5757575	Colonize	67	30.736044	6.5151515	Colonize	67	13.87001	6.5757575	Colonize	67	13.249103	6.5454545	Colonize	67	24.181938	6.318182	Colonize	67	17.242676	6.4242425	Colonize	
68	68	20.613203	6.597015	Colonize	68	31.145737	6.567164	Colonize	68	14.081899	6.597015	Colonize	68	13.38682	6.567164	Colonize	68	24.289482	6.3432837	Colonize	68	17.515291	6.3880596	Colonize	
69	69	20.833178	6.617647	Colonize	69	31.586987	6.5882354	Colonize	69	14.29164	6.617647	Colonize	69	13.555736	6.5882354	Colonize	69	24.416107	6.367647	Colonize	69	17.673859	6.4117646	Colonize	
70	70	20.98606	6.6086955	Colonize	70	31.883492	6.6086955	Colonize	70	14.458321	6.637681	Colonize	70	13.670023	6.6086955	Colonize	70	24.66816	6.3913045	Colonize	70	17.78242	6.4347825	Colonize	
71	71	21.162651	6.6285715	Colonize	71	32.209187	6.6285715	Colonize	71	14.605254	6.6285715	Colonize	71	13.790449	6.6285715	Colonize	71	24.84546	6.4142857	Colonize	71	17.816988	6.457143	Colonize	
72	72	21.42651	6.619718	Colonize	72	32.73131	6.619718	Colonize	72	14.726465	6.647887	Colonize	72	14.177222	6.619718	Colonize	72	25.242512	6.4084506	Colonize	72	18.118572	6.450704	Colonize	
73	73	21.671263	6.611111	Colonize	73	33.249924	6.5833335	Colonize	73	14.884985	6.6666665	Colonize	73	14.544612	6.611111	Colonize	73	25.58863	6.4027777	Colonize	73	18.411568	6.4444447	Colonize	
74	74	21.871016	6.60274	Colonize	74	33.68837	6.60274	Colonize	74	15.161074	6.657534	Colonize	74	14.880171	6.630137	Colonize	74	25.909727	6.4246573	Colonize	74	18.630728	6.4657536	Colonize	
75	75	22.093454	6.6216216	Colonize	75	34.058884	6.6216216	Colonize	75	15.427844	6.6486487	Colonize	75	15.166492	6.6486487	Colonize	75	26.225937	6.4459457	Colonize	75	18.70178	6.4594593	Colonize	
76	76	22.355772	6.64	Colonize	76	34.37979	6.64	Colonize	76	15.632159	6.6666665	Colonize	76	15.431931	6.64	Colonize	76	26.501549	6.4666667	Colonize	76	18.715523	6.48	Colonize	
77	77	22.604696	6.6578946	Colonize	77	34.72014	6.6578946	Colonize	77	15.836144	6.6842103	Colonize	77	15.603288	6.6578946	Colonize	77	26.842794	6.486842	Colonize	77	19.023327	6.4736843	Colonize	
78	78	22.814318	6.6753244	Colonize	78	35.08125	6.6753244	Colonize	78	16.019749	6.7012987	Colonize	78	15.776227	6.6753244	Colonize	78	27.166878	6.5064936	Colonize	78	19.304245	6.4675326	Colonize	
79	79	23.009766	6.6923075	Colonize	79	35.482697	6.6923075	Colonize	79	16.185354	6.717949	Colonize	79	16.221512	6.6666665	Colonize	79	27.362082	6.525641	Colonize	79	19.51623	6.4615383	Colonize	
80	80	23.168304	6.708861	Colonize	80	35.84625	6.708861	Colonize	80	16.337828	6.708861	Colonize	80	16.593306	6.658228	Colonize	80	27.516434	6.544304	Colonize	80	19.644613	6.481013	Colonize	
81	81	23.364073	6.725	Colonize	81	36.076622	6.725	Colonize	81	16.456089	6.725	Colonize	81	16.958788	6.675	Colonize	81	27.651693	6.5375	Colonize	81	19.715374	6.5	Colonize	
82	82	23.665653	6.716049	Colonize	82	36.519817	6.716049	Colonize	82	16.798079	6.716049	Colonize	82	17.312748	6.6666665	Colonize	82	27.765549	6.5555553	Colonize	82	20.03545	6.4938273	Colonize	
83	83	23.934881	6.707317	Colonize	83	36.876057	6.707317	Colonize	83	17.12755	6.707317	Colonize	83	17.620121	6.6829267	Colonize	83	27.907734	6.5731707	Colonize	83	20.307497	6.4634147	Colonize	
84	84	24.19714	6.6987953	Colonize	84	37.190773	6.7228913	Colonize	84	17.39696	6.7228913	Colonize	84	17.748373	6.6987953	Colonize	84	28.161385	6.5903616	Colonize	84	20.460058	6.481928	Colonize	
85	85	24.438723	6.714286	Colonize	85	37.568806	6.7380953	Colonize	85	17.668646	6.7380953	Colonize	85	17.914022	6.714286	Colonize	85	28.348148	6.607143	Colonize	85	20.566854	6.5	Colonize	
86	86	24.642479	6.7294116	Colonize	86	37.864365	6.752941	Colonize	86	17.902998	6.752941	Colonize	86	18.254631	6.7058825	Colonize	86	28.796415	6.6	Colonize	86	20.66947	6.5176473	Colonize	
87	87	24.859274	6.744186	Colonize	87	38.166355	6.7674417	Colonize	87	18.097727	6.7674417	Colonize	87	18.473513	6.6744184	Colonize	87	29.144138	6.5930233	Colonize	87	20.977373	6.5116277	Colonize	
88	88	25.021347	6.7586207	Colonize	88	38.425915	6.781609	Colonize	88	18.376392	6.781609	Colonize	88	18.668	6.6896553	Colonize	88	29.472258	6.609195	Colonize	88	21.233507	6.4827585	Colonize	
89	89	25.159615	6.7727275	Colonize	89	38.664154	6.7727275	Colonize	89	18.543962	6.7727275	Colonize	89	18.765547	6.7045455	Colonize	89	29.726171	6.625	Colonize	89	21.400343	6.5	Colonize	
90	90	25.374136	6.7865167	Colonize	90	38.89659	6.7865167	Colonize	90	18.98828	6.764045	Colonize	90	18.831697	6.719101	Colonize	90	29.89984	6.6179776	Colonize	90	21.587868	6.516854	Colonize	
91	91	25.64932	6.8	Colonize	91	39.063038	6.8	Colonize	91	19.40302	6.7555556	Colonize	91	18.957594	6.733333	Colonize	91	30.07265	6.633333	Colonize	91	21.785023	6.5333333	Colonize	
92	92	25.926205	6.7912087	Colonize	92	39.4771	6.7912087	Colonize	92	19.802568	6.769231	Colonize	92	19.116058	6.747253	Colonize	92	30.380617	6.6483517	Colonize	92	22.10056	6.5274725	Colonize	
93	93	26.177847	6.7826085	Colonize	93	39.857426	6.7826085	Colonize	93	20.078865	6.7826085	Colonize	93	19.223486	6.7608695	Colonize	93	30.521574	6.6630435	Colonize	93	22.383148	6.5	Colonize	
94	94	26.397152	6.795699	Colonize	94	40.21463	6.795699	Colonize	94	20.384562	6.795699	Colonize	94	19.29735	6.774194	Colonize	94	30.6167	6.677419	Colonize	94	22.527262	6.516129	Colonize	
95	95	26.649212	6.808511	Colonize	95	40.56918	6.808511	Colonize	95	20.656252	6.787234	Colonize	95	19.404322	6.787234	Colonize	95	30.771765	6.691489	Colonize	95	22.731438	6.5319147	Colonize	
96	96	27.039827	6.8210526	Colonize	96	40.90896	6.8210526	Colonize	96	20.898062	6.8	Colonize	96	19.459982	6.8	Colonize	96	30.87345	6.705263	Colonize	96	22.933994	6.5473685	Colonize	
97	97	27.373123	6.8125	Colonize	97	41.168217	6.8125	Colonize	97	21.173864	6.8125	Colonize	97	19.507635	6.8125	Colonize	97	30.961657	6.71875	Colonize	97	23.222445	6.5416665	Colonize	
98	98	27.705673	6.804124	Colonize	98	41.434837	6.8247423	Colonize	98	21.643208	6.804124	Colonize	98	19.857605	6.804124	Colonize	98	31.09059	6.731959	Colonize	98	23.47016	6.5360823	Colonize	
99	99	28.002455	6.8163266	Colonize	99	41.626923	6.836735	Colonize	99	22.105087	6.7959185	Colonize	99	20.097239	6.7755103	Colonize	99	31.22101	6.744898	Colonize	99	23.705454	6.5306125	Colonize	
100	100	28.456182	6.8080807	Colonize	100	41.88781	6.848485	Colonize	100	22.509985	6.8080807	Colonize	100	20.247734	6.787879	Colonize	100	31.621456	6.737374	Colonize	100	23.907017	6.5656567	Colonize	
101	101	28.882769	6.78	Colonize	101	42.21678	6.86	Colonize	101	22.920925	6.82	Colonize	101	20.343302	6.8	Colonize	101	31.967442	6.73	Colonize	101	24.118309	6.58	Colonize	
102	102	29.18982	6.792079	Colonize	102	42.56575	6.8514853	Colonize	102	23.30604	6.811881	Colonize	102	20.40986	6.811881	Colonize	102	32.239506	6.742574	Colonize	102	24.35268	6.5940595	Colonize	
103	103	29.71657	6.8039217	Colonize	103	42.86542	6.8431373	Colonize	103	23.539724	6.8235292	Colonize	103	20.527618	6.8235292	Colonize	103	32.37721	6.754902	Colonize	103	24.595104	6.607843	Colonize	
104	104	30.05111	6.776699	Colonize	104	43.163517	6.8349514	Colonize	104	23.782892	6.8349514	Colonize	104	20.657122	6.8349514	Colonize	104	32.351948	6.76699	Contest	104	24.785208	6.6019416	Colonize	
105	105	30.445967	6.769231	Colonize	105	43.445263	6.8653846	Colonize	105	24.07484	6.8461537	Colonize	105	20.770456	6.8461537	Colonize	105	32.322647	6.7788463	Contest	105	24.91978	6.6153846	Colonize	
106	106	30.920427	6.7809525	Colonize	106	43.601437	6.8761907	Colonize	106	24.437904	6.838095	Colonize	106	20.91594	6.857143	Colonize	106	32.28258	6.7904763	Contest	106	25.11231	6.6285715	Colonize	
107	107	31.314228	6.754717	Colonize	107	43.73875	6.8679247	Colonize	107	24.746454	6.811321	Colonize	107	21.076609	6.8679247	Colonize	107	32.2377	6.8018866	Contest	107	25.357603	6.6415095	Colonize	
108	108	31.565905	6.766355	Colonize	108	43.88896	6.8785048	Colonize	108	24.903688	6.82243	Colonize	108	21.171673	6.8785048	Colonize	108	32.256912	6.813084	Contest	108	25.594236	6.654206	Colonize	
109	109	31.872484	6.7777777	Colonize	109	44.05011	6.888889	Colonize	109	25.108614	6.8333335	Colonize	109	21.532515	6.888889	Colonize	109	32.282387	6.8240743	Contest	109	25.815983	6.6666665	Colonize	
110	110	32.08196	6.7706423	Colonize	110	44.230465	6.8990827	Colonize	110	25.344103	6.8440366	Colonize	110	21.88415	6.880734	Colonize	110	32.25628	6.834862	Contest	110	25.980547	6.6788993	Colonize	
111	111	32.393856	6.7818184	Colonize	111	44.435772	6.909091	Colonize	111	25.546041	6.8545456	Colonize	111	21.992266	6.8727274	Colonize	111	32.213066	6.8454547	Contest	111	26.182714	6.690909	Colonize	
112	112	32.684753	6.7747746	Colonize	112	44.76596	6.900901	Colonize	112	25.689138	6.864865	Colonize	112	22.137476	6.882883	Colonize	112	32.215992	6.855856	Contest	112	26.388779	6.7027025	Colonize	
113	113	32.893105	6.767857	Colonize	113	45.0907	6.892857	Colonize	113	25.778255	6.875	Colonize	113	22.254873	6.892857	Colonize	113	32.38882	6.848214	Contest	113	26.595083	6.714286	Colonize	
114	114	33.27757	6.778761	Colonize	114	45.38011	6.9026546	Colonize	114	25.876326	6.884956	Colonize	114	22.386152	6.9026546	Colonize	114	32.7369	6.840708	Colonize	114	26.769918	6.7256637	Colonize	
115	115	33.61115	6.7719297	Colonize	115	45.60424	6.894737	Colonize	115	25.99679	6.894737	Colonize	115	22.520735	6.9122806	Colonize	115	32.994167	6.8333335	Colonize	115	26.87146	6.736842	Colonize	
116	116	33.794254	6.7652173	Colonize	116	45.79512	6.904348	Colonize	116	26.090694	6.904348	Colonize	116	22.660242	6.921739	Colonize	116	33.24931	6.826087	Colonize	116	27.196436	6.730435	Colonize	
117	117	33.94817	6.7586207	Colonize	117	46.037453	6.913793	Colonize	117	26.131485	6.913793	Colonize	117	22.803759	6.9310346	Colonize	117	33.43153	6.8534484	Contest	117	27.467247	6.724138	Colonize	
118	118	34.11399	6.820513	Colonize	118	46.301414	6.923077	Colonize	118	26.196508	6.923077	Colonize	118	22.93565	6.940171	Colonize	118	33.383728	6.863248	Contest	118	27.706736	6.7350426	Colonize	
119	119	34.25909	6.8644066	Colonize	119	46.538242	6.9322033	Colonize	119	26.493908	6.915254	Colonize	119	23.360792	6.9491525	Colonize	119	33.559517	6.8728814	Contest	119	27.930002	6.745763	Colonize	
120	120	34.429203	6.890756	Colonize	120	46.76636	6.9411764	Colonize	120	26.722622	6.907563	Colonize	120	23.701975	6.92437	Colonize	120	33.877777	6.865546	Colonize	120	28.12226	6.7563024	Colonize	
121	121	34.65695	6.9	Colonize	121	46.939415	6.95	Colonize	121	26.936266	6.9	Colonize	121	23.871805	6.9333334	Colonize	121	34.025517	6.858333	Contest	121	28.346508	6.766667	Colonize	
122	122	34.796425	6.892562	Colonize	122	47.246284	6.9421487	Colonize	122	27.129597	6.9256196	Colonize	122	24.040934	6.9421487	Colonize	122	34.232796	6.867769	Colonize	122	28.554796	6.7768593	Colonize	
123	123	34.90655	6.9180326	Colonize	123	47.519608	6.9344263	Colonize	123	27.377934	6.9344263	Colonize	123	24.236359	6.9508195	Colonize	123	34.2866	6.877049	Contest	123	28.742182	6.7868853	Colonize	
124	124	35.076656	6.9430895	Colonize	124	47.770145	6.9430895	Colonize	124	27.533762	6.9268293	Colonize	124	24.359566	6.9593496	Colonize	124	34.409203	6.886179	Contest	124	28.949368	6.796748	Colonize	
125	125	35.26296	6.951613	Colonize	125	48.003155	6.951613	Colonize	125	27.67722	6.935484	Colonize	125	24.514965	6.967742	Colonize	125	34.78165	6.879032	Colonize	125	29.133818	6.806452	Colonize	
126	126	35.361958	6.944	Colonize	126	48.22735	6.96	Colonize	126	27.800362	6.944	Colonize	126	24.827354	6.976	Colonize	126	34.985966	6.872	Colonize	126	29.290958	6.816	Colonize	
127	127	35.47969	6.968254	Colonize	127	48.414696	6.968254	Colonize	127	27.885448	6.952381	Colonize	127	25.171043	6.984127	Colonize	127	35.15323	6.8809524	Contest	127	29.492758	6.825397	Colonize	
128	128	35.566734	6.96063	Colonize	128	48.600643	6.976378	Colonize	128	27.970642	6.96063	Colonize	128	25.426722	6.96063	Colonize	128	35.199394	6.889764	Contest	128	29.604927	6.8188977	Colonize	
129	129	35.68418	6.984375	Colonize	129	48.780357	6.984375	Colonize	129	28.048119	6.96875	Colonize	129	25.667883	6.96875	Colonize	129	35.453552	6.8828125	Contest	129	29.713049	6.828125	Colonize	
130	130	35.774864	6.976744	Colonize	130	48.95873	6.992248	Colonize	130	28.067867	6.976744	Colonize	130	25.888763	6.976744	Colonize	130	35.77606	6.875969	Colonize	130	29.826687	6.837209	Colonize	
131	131	35.862164	6.9846153	Colonize	131	49.076694	7.0	Colonize	131	28.144798	6.9846153	Colonize	131	26.088858	6.9846153	Colonize	131	35.9095	6.8846154	Contest	131	29.940308	6.8461537	Colonize	
132	132	36.028778	6.9770994	Colonize	132	49.231697	7.0076337	Colonize	132	28.370197	6.9770994	Colonize	132	26.328964	6.9923663	Colonize	132	36.072742	6.8778625	Contest	132	30.024885	6.854962	Colonize	
133	133	36.175312	6.969697	Colonize	133	49.346905	7.0	Colonize	133	28.57732	6.9545455	Colonize	133	26.598179	7.0	Colonize	133	36.296806	6.871212	Colonize	133	30.1228	6.8636365	Colonize	
134	134	36.296085	6.9774437	Colonize	134	49.61957	6.992481	Colonize	134	28.757277	6.962406	Colonize	134	26.901752	7.007519	Colonize	134	36.51397	6.8646617	Colonize	134	30.16057	6.8721805	Colonize	
135	135	36.40094	6.9850745	Colonize	135	49.84116	6.9850745	Colonize	135	28.940285	6.970149	Colonize	135	27.143843	7.0149255	Colonize	135	36.70733	6.858209	Colonize	135	30.418512	6.8656716	Colonize	
136	136	36.49502	6.992593	Colonize	136	50.058495	6.992593	Colonize	136	29.10729	6.977778	Colonize	136	27.312628	7.022222	Colonize	136	36.814205	6.866667	Colonize	136	30.639801	6.859259	Colonize	
137	137	36.562042	7.0	Colonize	137	50.273884	7.0	Colonize	137	29.275208	6.9852943	Colonize	137	27.490005	7.029412	Colonize	137	36.885506	6.875	Colonize	137	30.78533	6.852941	Colonize	
138	138	36.62474	7.0072994	Colonize	138	50.416607	7.0072994	Colonize	138	29.363842	6.9927006	Colonize	138	27.802437	7.021898	Colonize	138	36.93932	6.8832116	Colonize	138	30.983522	6.875912	Colonize	
139	139	36.703835	7.014493	Colonize	139	50.550518	7.014493	Colonize	139	29.470894	7.0	Colonize	139	28.077164	7.014493	Colonize	139	37.04031	6.8913045	Colonize	139	31.142817	6.884058	Colonize	
140	140	36.798214	7.0215826	Colonize	140	50.63424	7.007194	Colonize	140	29.595575	7.007194	Colonize	140	28.323116	7.007194	Colonize	140	37.12495	6.8992805	Contest	140	31.305725	6.8920865	Colonize	
141	141	36.823	7.0142856	Colonize	141	50.721798	7.0142856	Colonize	141	29.71972	7.0142856	Colonize	141	28.502483	7.0142856	Colonize	141	37.333633	6.9071426	Colonize	141	31.454115	6.9	Colonize	
142	142	36.93799	7.007092	Colonize	142	50.88529	7.0212765	Colonize	142	29.778048	7.0212765	Colonize	142	28.694672	7.0212765	Colonize	142	37.508366	6.8865247	Colonize	142	31.598722	6.9078016	Colonize	
143	143	36.996273	6.9859157	Colonize	143	51.054157	7.028169	Colonize	143	29.809141	7.028169	Colonize	143	28.971472	7.028169	Colonize	143	37.675602	6.8943663	Colonize	143	31.697538	6.915493	Colonize	
144	144	37.05279	6.993007	Colonize	144	51.239357	7.034965	Colonize	144	29.877548	7.034965	Colonize	144	29.121895	7.034965	Colonize	144	37.757114	6.9020977	Colonize	144	31.784641	6.923077	Colonize	
145	145	37.144264	7.0	Colonize	145	51.47702	7.0277777	Colonize	145	30.142746	7.0277777	Colonize	145	29.290457	7.0416665	Colonize	145	37.81582	6.9097223	Colonize	145	31.869017	6.9166665	Colonize	
146	146	37.226215	7.0068965	Colonize	146	51.694084	7.0068965	Colonize	146	30.227314	7.0068965	Colonize	146	29.603743	7.048276	Colonize	146	37.8588	6.9172416	Colonize	146	31.995363	6.924138	Colonize	
147	147	37.31778	7.0136986	Colonize	147	51.848133	7.0136986	Colonize	147	30.273014	7.0136986	Colonize	147	29.916945	7.0410957	Colonize	147	37.952744	6.9246573	Colonize	147	32.0955	6.9315066	Colonize	
148	148	37.40009	7.020408	Colonize	148	51.95087	7.020408	Colonize	148	30.328415	7.020408	Colonize	148	30.144228	7.047619	Colonize	148	38.028988	6.931973	Contest	148	32.185806	6.9387755	Colonize	
149	149	37.433308	7.027027	Colonize	149	52.03707	7.027027	Colonize	149	30.395798	7.027027	Colonize	149	30.354897	7.0405407	Colonize	149	38.213753	6.925676	Colonize	149	32.229584	6.9459457	Colonize	
150	150	37.46669	7.033557	Colonize	150	52.135056	7.033557	Colonize	150	30.471237	7.033557	Colonize	150	30.492813	7.04698	Colonize	150	38.366604	6.919463	Colonize	150	32.371075	6.95302	Colonize	
151	151	37.710205	7.04	Contest	151	52.225864	7.04	Colonize	151	30.552568	7.04	Colonize	151	30.662676	7.0533333	Colonize	151	38.495052	6.9266667	Colonize	151	32.612675	6.96	Colonize	
152	152	37.917133	7.0331125	Contest	152	52.445446	7.0463576	Colonize	152	30.62198	7.0463576	Colonize	152	30.787489	7.0596027	Colonize	152	38.6055	6.92053	Colonize	152	32.846523	6.9536424	Colonize	
153	153	38.08614	7.0263157	Contest	153	52.582382	7.0526314	Colonize	153	30.733559	7.0526314	Colonize	153	30.948626	7.0657897	Colonize	153	38.662426	6.9276314	Colonize	153	33.04757	6.9605265	Colonize	
154	154	38.21868	7.0457516	Contest	154	52.682873	7.0588236	Colonize	154	30.86098	7.0588236	Colonize	154	31.232292	7.0588236	Colonize	154	38.721706	6.9346404	Colonize	154	33.26868	6.9673204	Colonize	
155	155	38.451965	7.051948	Contest	155	52.841557	7.064935	Colonize	155	31.195974	7.064935	Colonize	155	31.448982	7.038961	Colonize	155	38.71901	6.9415584	Contest	155	33.460957	6.974026	Colonize	
156	156	38.557716	7.032258	Contest	156	53.140545	7.0580645	Colonize	156	31.496826	7.0451612	Colonize	156	31.600063	7.0451612	Colonize	156	38.731274	6.948387	Contest	156	33.596973	6.980645	Colonize	
157	157	38.689552	7.0384617	Contest	157	53.335464	7.0384617	Colonize	157	31.584967	7.0384617	Colonize	157	31.746517	7.051282	Colonize	157	38.907696	6.9423075	Colonize	157	33.685352	6.9871793	Colonize	
158	158	38.787804	7.044586	Contest	158	53.42593	7.044586	Colonize	158	31.613272	7.044586	Colonize	158	31.840263	7.057325	Colonize	158	39.032906	6.923567	Colonize	158	33.81422	6.9936304	Colonize	
159	159	38.90288	7.050633	Contest	159	53.49521	7.050633	Colonize	159	31.663462	7.050633	Colonize	159	31.967607	7.063291	Colonize	159	39.119972	6.9177217	Colonize	159	33.93538	7.0	Colonize	
160	160	39.002598	7.056604	Contest	160	53.542976	7.056604	Colonize	160	31.833628	7.056604	Colonize	160	32.084946	7.0691824	Colonize	160	39.26334	6.937107	Colonize	160	34.138367	7.0062895	Colonize	
161	161	39.055206	7.0625	Contest	161	53.58561	7.0625	Colonize	161	31.959478	7.0625	Colonize	161	32.21319	7.075	Colonize	161	39.380943	6.94375	Colonize	161	34.360413	7.0125	Colonize	
162	162	39.08629	7.068323	Contest	162	53.634857	7.068323	Colonize	162	32.073654	7.068323	Colonize	162	32.348236	7.080745	Colonize	162	39.504486	6.9503107	Colonize	162	34.527176	7.0186334	Colonize	
163	163	39.116066	7.0740743	Contest	163	53.807487	7.0740743	Colonize	163	32.15399	7.0740743	Colonize	163	32.456425	7.0864196	Colonize	163	39.507797	6.95679	Contest	163	34.66287	7.0246916	Colonize	
164	164	39.137695	7.0920243	Contest	164	53.94916	7.079755	Colonize	164	32.287586	7.079755	Colonize	164	32.590027	7.0920243	Colonize	164	39.663822	6.96319	Colonize	164	34.73202	7.030675	Contest	
165	165	39.205635	7.097561	Colonize	165	54.052765	7.085366	Colonize	165	32.487297	7.085366	Colonize	165	32.75684	7.097561	Colonize	165	39.81976	6.957317	Colonize	165	35.14721	7.02439	Colonize	
166	166	39.218273	7.090909	Colonize	166	54.221863	7.090909	Colonize	166	32.66547	7.090909	Colonize	166	32.87604	7.10303	Colonize	166	39.97219	6.9636364	Colonize	166	35.45623	7.018182	Colonize	
167	167	39.329548	7.084337	Colonize	167	54.54673	7.084337	Colonize	167	32.839993	7.0963855	Colonize	167	33.223198	7.0963855	Colonize	167	40.056282	6.9698796	Colonize	167	35.75535	7.0240965	Contest	
168	168	39.418373	7.077844	Colonize	168	54.782143	7.0658684	Colonize	168	33.075203	7.1017966	Colonize	168	33.55108	7.077844	Colonize	168	40.17663	6.976048	Colonize	168	36.011833	7.017964	Colonize	
169	169	39.49813	7.071429	Colonize	169	54.901608	7.071429	Colonize	169	33.288536	7.107143	Colonize	169	33.76467	7.0833335	Colonize	169	40.229504	6.970238	Contest	169	36.215706	7.0238094	Colonize	
170	170	39.652443	7.076923	Colonize	170	55.003017	7.076923	Colonize	170	33.56244	7.1005917	Colonize	170	33.85844	7.0887575	Colonize	170	40.28571	6.976331	Contest	170	36.393085	7.029586	Colonize	
171	171	39.757496	7.070588	Colonize	171	55.093933	7.082353	Colonize	171	33.790913	7.0941176	Colonize	171	33.92179	7.0941176	Colonize	171	40.49218	6.970588	Colonize	171	36.51733	7.035294	Colonize	
172	172	39.8413	7.0643277	Colonize	172	55.131195	7.0877194	Colonize	172	33.977257	7.0994153	Colonize	172	34.030003	7.0994153	Colonize	172	40.626835	6.9649124	Colonize	172	36.635456	7.0409355	Colonize	
173	173	39.888496	7.0581393	Colonize	173	55.1782	7.0930233	Colonize	173	34.12555	7.104651	Colonize	173	34.16505	7.104651	Colonize	173	40.71755	6.97093	Colonize	173	36.835392	7.0465117	Colonize	
174	174	39.969193	7.0751443	Colonize	174	55.326145	7.098266	Colonize	174	34.299217	7.1098266	Colonize	174	34.256138	7.1098266	Colonize	174	40.781193	6.9768786	Colonize	174	37.08442	7.052023	Colonize	
175	175	40.073544	7.0804596	Colonize	175	55.481594	7.1034484	Colonize	175	34.51837	7.1149426	Colonize	175	34.33813	7.1149426	Colonize	175	40.933594	6.9827585	Colonize	175	37.46024	7.0574713	Colonize	
176	176	40.149178	7.0857143	Colonize	176	55.620766	7.1085715	Colonize	176	34.692245	7.12	Colonize	176	34.454346	7.12	Colonize	176	41.047646	6.977143	Contest	176	37.837498	7.062857	Colonize	
177	177	40.20018	7.090909	Colonize	177	55.774815	7.1136365	Colonize	177	34.85443	7.125	Colonize	177	34.57978	7.125	Colonize	177	41.239845	6.9829545	Contest	177	37.981373	7.068182	Contest	
178	178	40.27626	7.096045	Colonize	178	56.174328	7.1073446	Colonize	178	35.04322	7.1299434	Colonize	178	34.665363	7.1299434	Colonize	178	41.37514	6.9774013	Colonize	178	38.445385	7.0734463	Colonize	
179	179	40.351017	7.101124	Colonize	179	56.568092	7.101124	Colonize	179	35.23332	7.1348314	Colonize	179	34.80792	7.1348314	Colonize	179	41.47814	6.9606743	Colonize	179	38.855366	7.0674157	Colonize	
180	180	40.40622	7.1061454	Colonize	180	56.79594	7.094972	Colonize	180	35.349228	7.1284914	Colonize	180	35.168888	7.1284914	Colonize	180	41.53694	6.9553075	Colonize	180	39.18481	7.0726256	Colonize	
181	181	40.45652	7.1	Colonize	181	56.84759	7.1	Contest	181	35.49362	7.133333	Colonize	181	35.499157	7.111111	Colonize	181	41.567123	6.9722223	Contest	181	39.38595	7.077778	Colonize	
182	182	40.510384	7.116022	Colonize	182	56.87247	7.1049724	Contest	182	35.596848	7.1381216	Colonize	182	35.691643	7.116022	Colonize	182	41.740658	6.9779005	Contest	182	39.456974	7.082873	Colonize	
183	183	40.548435	7.120879	Colonize	183	56.85076	7.10989	Contest	183	35.73458	7.142857	Colonize	183	35.769455	7.120879	Colonize	183	41.890987	6.9835167	Colonize	183	39.5357	7.087912	Colonize	
184	184	40.58752	7.125683	Colonize	184	56.83979	7.114754	Contest	184	36.12403	7.136612	Colonize	184	35.84433	7.125683	Colonize	184	42.03903	6.967213	Colonize	184	39.72251	7.092896	Colonize	
185	185	40.62318	7.119565	Colonize	185	56.98563	7.119565	Contest	185	36.49797	7.130435	Colonize	185	35.959515	7.130435	Colonize	185	42.140694	6.9619565	Colonize	185	39.909447	7.097826	Colonize	
186	186	40.689236	7.135135	Colonize	186	57.04806	7.1243243	Contest	186	36.775513	7.135135	Colonize	186	36.05917	7.135135	Colonize	186	42.24985	6.9783783	Contest	186	40.130283	7.1027026	Colonize	
187	187	40.810516	7.129032	Colonize	187	57.102406	7.129032	Contest	187	36.987034	7.139785	Colonize	187	36.10379	7.139785	Colonize	187	42.390926	6.983871	Colonize	187	40.399357	7.107527	Colonize	
188	188	40.842255	7.1122994	Colonize	188	57.133766	7.13369	Contest	188	37.15254	7.144385	Colonize	188	36.168167	7.144385	Colonize	188	42.524128	6.9786096	Colonize	188	40.79427	7.1122994	Colonize	
189	189	40.880333	7.12766	Contest	189	57.604218	7.12766	Colonize	189	37.381836	7.1489363	Colonize	189	36.32233	7.1489363	Colonize	189	42.6418	6.962766	Colonize	189	41.089634	7.117021	Contest	
190	190	41.073517	7.121693	Contest	190	58.022633	7.121693	Colonize	189	37.152058	7.153439	Colonize	190	36.44535	7.153439	Colonize	190	42.74684	6.978836	Contest	190	41.466064	7.111111	Colonize	
191	190	40.97475	7.105263	Contest	191	58.290104	7.1157894	Colonize	190	37.237602	7.164021	Colonize	191	36.53341	7.1578946	Colonize	191	42.893993	6.9736843	Colonize	191	41.70251	7.094737	Colonize	
192	190	40.875984	7.105263	Contest	192	58.32286	7.120419	Contest	191	37.25882	7.1684213	Colonize	192	36.975777	7.1623034	Colonize	192	43.020653	6.958115	Colonize	192	41.914146	7.0994763	Colonize	
193	190	40.777218	7.105263	Contest	193	58.804935	7.125	Colonize	192	37.29191	7.172775	Colonize	193	37.306404	7.1458335	Colonize	193	43.124683	6.953125	Colonize	193	42.125515	7.1041665	Colonize	
194	191	40.957115	7.105263	Contest	194	59.215496	7.1088085	Colonize	192	37.10978	7.1770835	Colonize	194	37.458263	7.150259	Colonize	194	43.26167	6.968912	Colonize	194	42.349857	7.1088085	Colonize	
195	192	41.13415	7.0994763	Contest	195	59.37985	7.113402	Contest	192	36.934845	7.1666665	Colonize	195	37.596706	7.1546392	Colonize	195	43.354614	6.953608	Colonize	195	42.52552	7.113402	Colonize	
196	192	41.035385	7.1145835	Contest	196	59.834206	7.1179485	Colonize	193	36.927517	7.1666665	Colonize	196	37.699455	7.158974	Colonize	196	43.403397	6.9384613	Colonize	196	42.61293	7.1179485	Colonize	
197	193	41.184525	7.1145835	Contest	197	60.216442	7.102041	Colonize	193	36.733288	7.1709843	Colonize	197	37.79674	7.163265	Colonize	197	43.47875	6.9540815	Contest	197	42.615646	7.122449	Contest	
198	193	41.08576	7.1088085	Contest	198	60.33803	7.106599	Contest	194	36.969013	7.150259	Colonize	197	37.648083	7.167513	Colonize	198	43.511875	6.9593906	Contest	198	42.635334	7.1269035	Contest	
199	194	41.207073	7.1088085	Contest	199	60.64935	7.1010103	Colonize	194	36.97351	7.14433	Colonize	197	37.454315	7.167513	Colonize	199	43.556625	6.9646463	Contest	199	42.921917	7.1313133	Colonize	
200	195	41.19029	7.123711	Contest	200	60.9154	7.0954776	Colonize	195	37.257805	7.1546392	Colonize	197	37.73813	7.1573606	Colonize	200	43.552925	6.959799	Contest	200	43.162205	7.125628	Colonize	
201	196	41.351295	7.1282053	Contest	201	61.037193	7.09	Contest	195	37.13357	7.158974	Colonize	197	37.78721	7.137056	Colonize	201	43.61483	6.965	Contest	201	43.380184	7.13	Colonize	
202	196	41.25253	7.132653	Contest	202	61.139736	7.084577	Colonize	196	37.260548	7.158974	Colonize	198	37.958267	7.137056	Colonize	201	43.516064	6.970149	Contest	202	43.559677	7.1343284	Colonize	
203	196	41.153763	7.132653	Contest	203	61.115803	7.069307	Contest	197	37.30447	7.163265	Colonize	198	37.94873	7.141414	Colonize	202	43.562782	6.970149	Contest	203	43.736607	7.1386137	Colonize	
204	196	41.054996	7.132653	Contest	204	61.0705	7.0738916	Contest	198	37.360123	7.167513	Colonize	199	38.05656	7.1313133	Colonize	202	43.464016	6.9653463	Contest	204	43.97976	7.142857	Colonize	
205	196	40.95623	7.132653	Contest	205	61.084133	7.0686274	Contest	199	37.380974	7.171717	Colonize	200	38.196777	7.1356783	Colonize	202	43.36525	6.9653463	Contest	205	44.132206	7.1372547	Colonize	
206	197	41.08961	7.132653	Contest	206	61.036297	7.0536585	Contest	199	37.20214	7.1758795	Colonize	201	38.590168	7.14	Colonize	202	43.266483	6.9653463	Contest	206	44.15641	7.1414633	Contest	
207	198	41.284443	7.137056	Contest	206	60.93753	7.0582523	Contest	199	36.96876	7.1758795	Colonize	202	38.878967	7.1343284	Colonize	202	43.167717	6.9653463	Contest	207	44.496212	7.145631	Colonize	
208	198	41.185677	7.1313133	Contest	206	60.838764	7.0582523	Contest	200	37.10232	7.165829	Colonize	203	39.151047	7.1386137	Colonize	202	43.06895	6.9653463	Contest	208	44.830017	7.1400967	Colonize	
209	198	41.08691	7.1313133	Contest	207	60.882553	7.0582523	Contest	201	37.229763	7.17	Colonize	203	39.243458	7.133005	Colonize	202	42.970184	6.9653463	Contest	209	45.07741	7.144231	Colonize	
210	199	41.232567	7.1313133	Contest	207	60.783787	7.062802	Contest	201	36.98786	7.1641793	Colonize	203	39.337753	7.133005	Colonize	203	42.91907	6.9653463	Contest	210	45.29872	7.1483254	Colonize	
211	199	41.1338	7.1356783	Contest	207	60.68502	7.062802	Contest	202	36.992622	7.1641793	Colonize	203	39.473232	7.142857	Colonize	204	42.875965	6.9802957	Contest	211	45.470398	7.152381	Colonize	
212	199	41.035034	7.1356783	Contest	208	60.705456	7.062802	Contest	203	37.30574	7.158416	Colonize	201	39.049526	7.133005	Null	205	42.88417	6.9852943	Contest	212	45.633945	7.1563983	Colonize	
213	200	41.16257	7.1356783	Contest	209	60.833973	7.0673075	Contest	203	37.388325	7.1527095	Colonize	200	38.62471	7.124378	Null	205	42.785404	6.990244	Contest	213	45.745564	7.1509433	Colonize	
214	200	41.063805	7.13	Contest	210	61.04841	7.07177	Contest	204	37.63527	7.142857	Colonize	198	38.04011	7.12	Null	206	42.7605	6.990244	Contest	214	45.69367	7.1549296	Contest	
215	201	41.33808	7.13	Contest	211	61.262928	7.0761905	Contest	204	37.43427	7.147059	Colonize	197	37.529293	7.1010103	Null	206	42.661736	6.985437	Contest	215	46.025497	7.149533	Colonize	
216	202	41.486336	7.1044774	Contest	212	61.37483	7.080569	Contest	204	37.318462	7.117647	Colonize	196	37.121094	7.0964465	Null	206	42.56297	6.985437	Contest	216	46.355927	7.144186	Colonize	
217	202	41.38757	7.09901	Contest	213	61.45284	7.0849056	Contest	205	37.417656	7.107843	Colonize	195	36.97098	7.091837	Null	207	42.51555	6.985437	Contest	217	46.679283	7.138889	Colonize	
218	203	41.6774	7.09901	Contest	214	61.487232	7.079812	Contest	205	37.06823	7.112195	Colonize	194	36.81853	7.097436	Null	208	42.470467	7.0	Contest	218	46.93784	7.152074	Colonize	
219	204	41.951813	7.083744	Contest	215	61.493717	7.084112	Contest	205	36.769505	7.092683	Colonize	193	36.561954	7.0927835	Null	209	42.52951	7.0048075	Contest	219	47.119316	7.1559634	Colonize	
220	205	42.214386	7.0686274	Contest	216	61.513474	7.088372	Contest	205	36.458843	7.0731707	Colonize	192	36.358242	7.088083	Null	210	42.53569	7.009569	Contest	220	47.354053	7.159817	Colonize	
221	205	42.11562	7.0634146	Contest	217	61.58915	7.0925927	Contest	206	36.493717	7.0634146	Colonize	191	36.20598	7.0729165	Null	211	42.49042	7.0047617	Contest	221	47.466858	7.1545453	Colonize	
222	205	42.016853	7.0634146	Contest	218	61.57808	7.096774	Contest	207	36.592144	7.067961	Colonize	191	36.107212	7.078534	Null	211	42.391655	7.018957	Contest	222	47.422127	7.158371	Contest	
223	205	41.918087	7.0634146	Contest	219	61.547523	7.091743	Contest	208	36.69589	7.072464	Colonize	191	36.008446	7.078534	Null	211	42.29289	7.018957	Contest	223	47.677574	7.153153	Contest	
224	206	42.231937	7.0634146	Contest	220	61.531967	7.0958905	Contest	208	36.43423	7.076923	Colonize	191	35.90968	7.078534	Null	211	42.194122	7.018957	Contest	224	47.88238	7.147982	Contest	
225	206	42.13317	7.0485435	Contest	221	61.5196	7.1	Contest	209	36.461014	7.048077	Colonize	190	35.67243	7.078534	Null	212	42.23384	7.018957	Contest	225	48.019684	7.151786	Contest	
226	206	42.034405	7.0485435	Contest	222	61.569027	7.1040726	Contest	209	36.362247	7.043062	Null	189	35.4345	7.073684	Null	213	42.274235	7.023585	Contest	226	48.09094	7.1555557	Contest	
227	206	41.93564	7.0485435	Contest	223	61.610035	7.108108	Contest	209	36.26348	7.043062	Null	188	35.237648	7.0634923	Null	214	42.273556	7.028169	Contest	227	48.192562	7.159292	Contest	
228	207	42.188396	7.0485435	Contest	223	61.51127	7.103139	Contest	208	35.714424	7.043062	Null	188	35.13888	7.069149	Null	214	42.17479	7.042056	Contest	227	48.093796	7.154185	Contest	
229	208	42.490494	7.0434785	Contest	223	61.412502	7.103139	Contest	207	35.116028	7.0288463	Null	188	35.040115	7.069149	Null	214	42.17479	7.042056	Null	227	47.99503	7.154185	Contest	
230	208	42.391727	7.0288463	Contest	223	61.313736	7.103139	Contest	207	34.918495	7.0	Null	188	34.94135	7.069149	Null	214	42.17479	7.042056	Null	227	47.896263	7.154185	Contest	
231	209	43.29296	7.0288463	Contest	224	61.352886	7.103139	Contest	206	33.720963	7.0	Null	187	34.704666	7.069149	Null	214	42.17479	7.042056	Null	227	47.797497	7.154185	Contest	
232	210	43.57459	7.0047846	Contest	225	61.551323	7.098214	Contest	204	32.80804	6.9660196	Null	187	34.704666	7.0641713	Null	214	42.17479	7.042056	Null	228	48.033726	7.154185	Contest	
233	210	43.475822	7.009524	Contest	226	61.724144	7.0933332	Contest	204	32.709274	6.9607844	Null	187	34.704666	7.0641713	Null	214	42.17479	7.042056	Null	229	48.05945	7.1578946	Contest	
234	211	43.581085	7.009524	Contest	227	61.88326	7.0973454	Contest	203	32.40648	6.9607844	Null	187	34.704666	7.0641713	Null	214	42.17479	7.042056	Null	230	48.041523	7.161572	Contest	
235	212	43.66825	7.014218	Contest	228	61.99567	7.1013217	Contest	202	32.12178	6.955665	Null	187	34.704666	7.0641713	Null	214	42.17479	7.042056	Null	231	47.995075	7.1652174	Contest	
236	212	43.569485	7.037736	Contest	229	62.114964	7.105263	Contest	202	32.023014	6.970297	Null	187	34.704666	7.0641713	Null	214	42.17479	7.042056	Null	232	47.936073	7.1688313	Contest	
237	213	43.725163	7.037736	Contest	230	62.227	7.1091704	Contest	201	31.669804	6.970297	Null	187	34.704666	7.0641713	Null	214	42.17479	7.042056	Null	233	47.963608	7.172414	Contest	
238	214	43.709007	7.0422535	Contest	231	62.246258	7.1130433	Contest	201	31.669804	6.965174	Null	187	34.704666	7.0641713	Null	214	42.17479	7.042056	Null	234	48.0685	7.175966	Contest	
239	215	43.850403	7.046729	Contest	232	62.399406	7.1168833	Contest	200	31.330875	6.965174	Null	187	34.704666	7.0641713	Null	214	42.17479	7.042056	Null	235	48.182507	7.179487	Contest	
240	216	44.014458	7.0604653	Contest	233	62.578487	7.12069	Contest	199	30.969288	6.97	Null	187	34.704666	7.0641713	Null	214	42.17479	7.042056	Null	236	48.205	7.1829786	Contest	
241	217	44.148857	7.0555553	Contest	234	62.66586	7.1244636	Contest	198	30.637354	6.954774	Null	187	34.704666	7.0641713	Null	214	42.17479	7.042056	Null	237	48.177998	7.1864405	Contest	
242	217	44.05009	7.059908	Contest	235	62.722343	7.1282053	Contest	198	30.538588	6.9444447	Null	187	34.704666	7.0641713	Null	214	42.076023	7.042056	Null	237	48.07923	7.1814346	Contest	
243	218	44.18424	7.059908	Contest	236	62.727234	7.131915	Contest	197	30.206907	6.9444447	Null	187	34.704666	7.0641713	Null	214	41.977257	7.042056	Null	237	47.980465	7.1814346	Contest	
244	218	44.085472	7.06422	Contest	237	62.71497	7.1355934	Contest	197	30.10814	6.9390864	Null	187	34.704666	7.0641713	Null	214	41.87849	7.042056	Null	237	47.8817	7.1814346	Contest	
245	218	43.986706	7.06422	Contest	238	62.715057	7.1392407	Contest	197	30.009375	6.9390864	Null	187	34.704666	7.0641713	Null	214	41.779724	7.042056	Null	237	47.782932	7.1814346	Contest	
246	218	43.88794	7.06422	Contest	239	62.712692	7.142857	Contest	197	29.910608	6.9390864	Null	187	34.704666	7.0641713	Null	214	41.680958	7.042056	Null	237	47.684166	7.1814346	Contest	
247	218	43.789173	7.06422	Contest	240	62.731045	7.1464434	Contest	197	29.811842	6.9390864	Null	187	34.704666	7.0641713	Null	213	41.30989	7.042056	Null	238	47.8577	7.1814346	Contest	
248	219	43.88025	7.06422	Contest	241	62.729923	7.15	Contest	196	29.523235	6.9390864	Null	187	34.704666	7.0641713	Null	213	41.211124	7.028169	Null	238	47.758934	7.1764708	Contest	
249	219	43.781483	7.0684934	Contest	242	62.713657	7.153527	Contest	196	29.424469	6.9336734	Null	187	34.704666	7.0641713	Null	212	40.89954	7.028169	Null	239	47.872986	7.1764708	Contest	
250	220	43.863716	7.0684934	Contest	243	62.78475	7.1487603	Contest	195	29.144701	6.9336734	Null	186	34.43604	7.0641713	Null	212	40.800774	7.023585	Null	239	47.77422	7.1799164	Contest	
251	220	43.76495	7.072727	Contest	243	62.685986	7.144033	Contest	195	29.045935	6.928205	Null	186	34.337273	7.0591397	Null	211	40.495537	7.023585	Null	240	47.881924	7.1799164	Contest	
252	220	43.666183	7.072727	Contest	244	62.675278	7.144033	Contest	195	28.947168	6.928205	Null	185	34.150448	7.0591397	Null	210	40.222652	7.0094786	Null	241	47.957275	7.175	Contest	
253	221	43.781456	7.072727	Contest	244	62.57651	7.155738	Contest	194	28.634365	6.928205	Null	185	34.05168	7.0648646	Null	209	39.92008	7.0047617	Null	242	48.062317	7.1784234	Contest	
254	222	43.925858	7.076923	Contest	245	62.600765	7.155738	Contest	193	28.29243	6.9226804	Null	184	33.829895	7.0648646	Null	208	39.613388	7.0	Null	243	48.171474	7.181818	Contest	
255	222	43.82709	7.063063	Contest	245	62.502	7.1591835	Contest	193	28.29243	6.927461	Null	184	33.73113	7.0597825	Null	208	39.51462	6.9951925	Null	243	48.07271	7.185185	Contest	
256	222	43.82709	7.063063	Null	245	62.403233	7.1591835	Contest	193	28.29243	6.927461	Null	184	33.632362	7.0597825	Null	208	39.51462	6.9951925	Null	243	47.97394	7.185185	Contest	
257	222	43.82709	7.063063	Null	245	62.304466	7.1591835	Contest	193	28.29243	6.927461	Null	184	33.533596	7.0597825	Null	208	39.51462	6.9951925	Null	242	47.919907	7.185185	Abandon	
258	222	43.82709	7.063063	Null	245	62.2057	7.1591835	Contest	193	28.29243	6.927461	Null	184	33.43483	7.0597825	Null	208	39.51462	6.9951925	Null	243	47.875175	7.1900826	Contest	
259	222	43.82709	7.063063	Null	246	62.261097	7.1591835	Contest	193	28.29243	6.927461	Null	183	33.1819	7.0597825	Null	208	39.51462	6.9951925	Null	242	47.82114	7.185185	Abandon	
260	222	43.82709	7.063063	Null	246	62.16233	7.1626015	Contest	193	28.29243	6.927461	Null	183	33.083134	7.0546446	Null	208	39.51462	6.9951925	Null	242	47.722374	7.1900826	Contest	
261	222	43.82709	7.063063	Null	247	62.149147	7.1626015	Contest	193	28.29243	6.927461	Null	182	32.898785	7.0546446	Null	208	39.51462	6.9951925	Null	241	47.65061	7.1900826	Abandon	
262	222	43.82709	7.063063	Null	247	62.05038	7.174089	Contest	193	28.29243	6.927461	Null	182	32.80002	7.0604396	Null	208	39.51462	6.9951925	Null	241	47.551846	7.1950207	Contest	
263	222	43.82709	7.063063	Null	248	62.118427	7.174089	Contest	193	28.29243	6.927461	Null	181	32.53444	7.0604396	Null	208	39.51462	6.9951925	Null	240	47.351456	7.1950207	Abandon	
264	222	43.82709	7.063063	Null	248	62.01966	7.177419	Contest	193	28.29243	6.927461	Null	181	32.435673	7.0552487	Null	208	39.51462	6.9951925	Null	239	47.149654	7.2	Abandon	
265	222	43.82709	7.063063	Null	249	62.122696	7.177419	Contest	193	28.29243	6.927461	Null	181	32.435673	7.0552487	Null	208	39.51462	6.9951925	Null	238	46.947098	7.205021	Abandon	
266	222	43.82709	7.063063	Null	250	62.162548	7.172691	Contest	193	28.29243	6.927461	Null	181	32.435673	7.0552487	Null	208	39.51462	6.9951925	Null	237	46.740627	7.210084	Abandon	
267	222	43.82709	7.063063	Null	250	62.06378	7.176	Contest	193	28.29243	6.927461	Null	181	32.336906	7.0552487	Null	208	39.51462	6.9951925	Null	237	46.740627	7.21519	Null	
268	222	43.82709	7.063063	Null	251	62.239742	7.176	Contest	193	28.29243	6.927461	Null	180	31.963413	7.0552487	Null	208	39.51462	6.9951925	Null	237	46.740627	7.21519	Null	
269	222	43.82709	7.063063	Null	252	62.453407	7.1792827	Contest	193	28.29243	6.927461	Null	179	31.552216	7.05	Null	208	39.51462	6.9951925	Null	237	46.740627	7.21519	Null	
270	222	43.82709	7.063063	Null	252	62.35464	7.1825395	Contest	193	28.29243	6.927461	Null	179	31.45345	7.0446925	Null	208	39.51462	6.9951925	Null	237	46.740627	7.21519	Null	
271	222	43.82709	7.063063	Null	253	62.501827	7.1825395	Contest	193	28.29243	6.927461	Null	178	31.10873	7.0446925	Null	208	39.51462	6.9951925	Null	237	46.740627	7.21519	Null	
272	222	43.82709	7.063063	Null	253	62.40306	7.185771	Contest	193	28.29243	6.927461	Null	178	31.009964	7.0393257	Null	208	39.51462	6.9951925	Null	237	46.740627	7.21519	Null	
273	222	43.82709	7.063063	Null	253	62.304295	7.185771	Contest	193	28.29243	6.927461	Null	178	30.911198	7.0393257	Null	208	39.51462	6.9951925	Null	237	46.740627	7.21519	Null	
274	222	43.82709	7.063063	Null	253	62.20553	7.185771	Contest	193	28.29243	6.927461	Null	178	30.812431	7.0393257	Null	208	39.51462	6.9951925	Null	237	46.740627	7.21519	Null	
275	222	43.82709	7.063063	Null	254	62.28613	7.185771	Contest	193	28.29243	6.927461	Null	177	30.534298	7.0393257	Null	208	39.51462	6.9951925	Null	237	46.740627	7.21519	Null	
276	222	43.82709	7.063063	Null	254	62.187363	7.1889763	Contest	193	28.29243	6.927461	Null	177	30.435532	7.0338984	Null	208	39.51462	6.9951925	Null	237	46.740627	7.21519	Null	
277	222	43.82709	7.063063	Null	254	62.088596	7.1889763	Contest	193	28.29243	6.927461	Null	177	30.336765	7.0338984	Null	208	39.51462	6.9951925	Null	237	46.740627	7.21519	Null	
278	222	43.82709	7.063063	Null	255	62.18202	7.1889763	Contest	193	28.29243	6.927461	Null	176	30.04581	7.0338984	Null	208	39.51462	6.9951925	Null	237	46.740627	7.21519	Null	
279	222	43.82709	7.063063	Null	255	62.083252	7.192157	Contest	193	28.29243	6.927461	Null	176	29.947044	7.028409	Null	208	39.51462	6.9951925	Null	237	46.740627	7.21519	Null	
280	222	43.82709	7.063063	Null	255	61.984486	7.192157	Contest	193	28.29243	6.927461	Null	176	29.848278	7.028409	Null	208	39.51462	6.9951925	Null	237	46.740627	7.21519	Null	
281	222	43.82709	7.063063	Null	255	61.88572	7.192157	Contest	193	28.29243	6.927461	Null	176	29.749512	7.028409	Null	208	39.51462	6.9951925	Null	237	46.740627	7.21519	Null	
282	222	43.82709	7.063063	Null	255	61.786953	7.192157	Contest	193	28.29243	6.927461	Null	176	29.650745	7.028409	Null	208	39.51462	6.9951925	Null	237	46.740627	7.21519	Null	
283	222	43.82709	7.063063	Null	256	61.96499	7.192157	Contest	193	28.29243	6.927461	Null	175	29.275179	7.028409	Null	208	39.51462	6.9951925	Null	237	46.740627	7.21519	Null	
284	222	43.82709	7.063063	Null	256	61.866222	7.1875	Contest	193	28.29243	6.927461	Null	175	29.275179	7.0114284	Null	208	39.51462	6.9951925	Null	237	46.64186	7.21519	Null	
285	222	43.82709	7.063063	Null	256	61.767456	7.1875	Contest	193	28.29243	6.927461	Null	175	29.275179	7.0114284	Null	208	39.51462	6.9951925	Null	237	46.543095	7.21519	Null	
286	222	43.82709	7.063063	Null	256	61.66869	7.1875	Contest	193	28.29243	6.927461	Null	175	29.275179	7.0114284	Null	208	39.51462	6.9951925	Null	237	46.44433	7.21519	Null	
287	222	43.82709	7.063063	Null	257	61.727062	7.1875	Contest	193	28.29243	6.927461	Null	175	29.275179	7.0114284	Null	208	39.51462	6.9951925	Null	236	46.188423	7.21519	Null	
288	222	43.82709	7.063063	Null	258	61.835484	7.1906614	Contest	193	28.29243	6.927461	Null	175	29.275179	7.0114284	Null	208	39.51462	6.9951925	Null	234	45.640045	7.2118645	Abandon	
289	222	43.82709	7.063063	Null	259	61.97914	7.1937985	Contest	193	28.29243	6.927461	Null	175	29.275179	7.0114284	Null	208	39.51462	6.9951925	Null	234	45.640045	7.213675	Null	
290	222	43.82709	7.063063	Null	260	62.06776	7.189189	Contest	193	28.29243	6.927461	Null	175	29.275179	7.0114284	Null	208	39.51462	6.9951925	Null	233	45.353893	7.213675	Null	
291	222	43.82709	7.063063	Null	260	61.968994	7.1923075	Contest	193	28.29243	6.927461	Null	175	29.275179	7.0114284	Null	208	39.51462	6.9951925	Null	233	45.255127	7.2103004	Null	
292	222	43.82709	7.063063	Null	260	61.870228	7.1923075	Contest	193	28.29243	6.927461	Null	175	29.275179	7.0114284	Null	208	39.51462	6.9951925	Null	233	45.15636	7.2103004	Null	
293	222	43.82709	7.063063	Null	261	62.010952	7.1923075	Contest	193	28.29243	6.927461	Null	175	29.275179	7.0114284	Null	208	39.51462	6.9951925	Null	232	44.818104	7.2103004	Null	
294	222	43.82709	7.063063	Null	261	61.912186	7.195402	Contest	193	28.29243	6.927461	Null	175	29.275179	7.0114284	Null	208	39.51462	6.9951925	Null	232	44.719337	7.206897	Null	
295	222	43.82709	7.063063	Null	261	61.81342	7.195402	Contest	193	28.29243	6.927461	Null	175	29.275179	7.0114284	Null	208	39.51462	6.9951925	Null	232	44.62057	7.206897	Null	
296	222	43.82709	7.063063	Null	262	61.985466	7.195402	Contest	193	28.29243	6.927461	Null	175	29.275179	7.0114284	Null	208	39.51462	6.9951925	Null	231	44.25099	7.206897	Null	
297	222	43.82709	7.063063	Null	263	62.211678	7.1984735	Contest	193	28.29243	6.927461	Null	175	29.275179	7.0114284	Null	208	39.51462	6.9951925	Null	230	43.827248	7.203463	Null	
298	222	43.82709	7.063063	Null	264	62.336178	7.201521	Contest	193	28.29243	6.927461	Null	175	29.275179	7.0114284	Null	208	39.51462	6.9951925	Null	229	43.505215	7.2	Null	
299	222	43.82709	7.063063	Null	264	62.23741	7.2045455	Contest	193	28.29243	6.927461	Null	175	29.275179	7.0114284	Null	208	39.51462	6.9951925	Null	229	43.40645	7.1965065	Null	
300	222	43.82709	7.063063	Null	264	62.138645	7.2045455	Contest	193	28.29243	6.927461	Null	175	29.275179	7.0114284	Null	208	39.51462	6.9951925	Null	229	43.307682	7.1965065	Null	
301	222	43.82709	7.063063	Null	264	62.03988	7.2045455	Contest	193	28.29243	6.927461	Null	175	29.275179	7.0114284	Null	208	39.51462	6.9951925	Null	229	43.208916	7.1965065	Null	
302	222	43.82709	7.063063	Null	265	62.13337	7.2045455	Contest	193	28.29243	6.927461	Null	175	29.275179	7.0114284	Null	208	39.51462	6.9951925	Null	228	42.917892	7.1965065	Null	
303	222	43.82709	7.063063	Null	266	62.25885	7.207547	Contest	193	28.29243	6.927461	Null	175	29.275179	7.0114284	Null	208	39.51462	6.9951925	Null	227	42.59488	7.1929827	Null	
304	222	43.82709	7.063063	Null	267	62.36837	7.2105265	Contest	193	28.29243	6.927461	Null	175	29.275179	7.0114284	Null	208	39.51462	6.9951925	Null	226	42.287827	7.1894274	Null	
305	222	43.82709	7.063063	Null	268	62.454052	7.2134833	Contest	193	28.29243	6.927461	Null	175	29.275179	7.0114284	Null	208	39.51462	6.9951925	Null	225	42.004612	7.1858406	Null	
306	222	43.82709	7.063063	Null	268	62.355286	7.216418	Contest	193	28.29243	6.927461	Null	175	29.176413	7.0114284	Null	208	39.51462	6.9951925	Null	225	42.004612	7.1822224	Null	
307	222	43.82709	7.063063	Null	268	62.25652	7.216418	Contest	193	28.29243	6.927461	Null	175	29.077646	7.0114284	Null	208	39.51462	6.9951925	Null	225	42.004612	7.1822224	Null	
308	222	43.82709	7.063063	Null	268	62.157753	7.216418	Contest	193	28.29243	6.927461	Null	175	28.97888	7.0114284	Null	208	39.51462	6.9951925	Null	225	42.004612	7.1822224	Null	
309	222	43.82709	7.063063	Null	268	62.058987	7.216418	Contest	193	28.29243	6.927461	Null	175	28.880114	7.0114284	Null	208	39.51462	6.9951925	Null	225	42.004612	7.1822224	Null	
310	222	43.82709	7.063063	Null	268	61.96022	7.216418	Contest	193	28.29243	6.927461	Null	175	28.781347	7.0114284	Null	208	39.51462	6.9951925	Null	225	42.004612	7.1822224	Null	
311	222	43.82709	7.063063	Null	269	61.98689	7.216418	Contest	193	28.29243	6.927461	Null	174	28.557144	7.0114284	Null	208	39.51462	6.9951925	Null	225	42.004612	7.1822224	Null	
312	222	43.82709	7.063063	Null	270	62.021725	7.2267656	Contest	193	28.29243	6.927461	Null	173	28.324778	7.0172415	Null	208	39.51462	6.9951925	Null	225	42.004612	7.1822224	Null	
313	222	43.82709	7.063063	Null	271	62.266647	7.2296295	Contest	193	28.29243	6.927461	Null	172	27.882322	7.011561	Null	208	39.51462	6.9951925	Null	225	42.004612	7.1822224	Null	
314	222	43.82709	7.063063	Null	272	62.59302	7.2324724	Contest	193	28.29243	6.927461	Null	171	27.358414	7.005814	Null	208	39.51462	6.9951925	Null	225	42.004612	7.1822224	Null	
315	222	43.82709	7.063063	Null	272	62.494255	7.2352943	Contest	193	28.29243	6.927461	Null	171	27.259647	7.0	Null	208	39.51462	6.9951925	Null	225	42.004612	7.1822224	Null	
316	222	43.82709	7.063063	Null	272	62.39549	7.2352943	Contest	193	28.29243	6.927461	Null	171	27.160881	7.0	Null	208	39.51462	6.9951925	Null	225	42.004612	7.1822224	Null	
317	222	43.82709	7.063063	Null	273	62.637905	7.2352943	Contest	193	28.29243	6.927461	Null	170	26.720932	7.0	Null	208	39.51462	6.9951925	Null	225	42.004612	7.1822224	Null	
318	222	43.82709	7.063063	Null	273	62.53914	7.2380953	Contest	193	28.29243	6.927461	Null	170	26.622166	6.9941177	Null	208	39.51462	6.9951925	Null	225	42.004612	7.1822224	Null	
319	222	43.82709	7.063063	Null	273	62.440372	7.2380953	Contest	193	28.29243	6.927461	Null	170	26.5234	6.9941177	Null	208	39.51462	6.9951925	Null	225	42.004612	7.1822224	Null	
320	222	43.82709	7.063063	Null	274	62.511436	7.2380953	Contest	193	28.29243	6.927461	Null	169	26.254803	6.9941177	Null	208	39.51462	6.9951925	Null	225	42.004612	7.1822224	Null	
321	222	43.82709	7.063063	Null	275	62.5818	7.2408757	Contest	193	28.29243	6.927461	Null	168	25.986908	6.988166	Null	208	39.51462	6.9951925	Null	225	42.004612	7.1822224	Null	
322	222	43.82709	7.063063	Null	276	62.67846	7.243636	Contest	193	28.29243	6.927461	Null	167	25.692717	6.982143	Null	208	39.51462	6.9951925	Null	225	42.004612	7.1822224	Null	
323	222	43.82709	7.063063	Null	276	62.579693	7.2391305	Contest	193	28.29243	6.927461	Null	167	25.59395	6.9640718	Null	208	39.51462	6.9951925	Null	225	42.004612	7.1822224	Null	
324	222	43.82709	7.063063	Null	276	62.480927	7.2391305	Contest	193	28.29243	6.927461	Null	167	25.495184	6.9640718	Null	208	39.51462	6.9951925	Null	225	42.004612	7.1822224	Null	
325	222	43.82709	7.063063	Null	277	62.506973	7.2391305	Contest	193	28.29243	6.927461	Null	166	25.271605	6.9640718	Null	208	39.51462	6.9951925	Null	225	42.004612	7.1822224	Null	
326	222	43.82709	7.063063	Null	278	62.558628	7.241877	Contest	193	28.29243	6.927461	Null	164	24.861279	6.9698796	Abandon	208	39.51462	6.9951925	Null	225	42.004612	7.1822224	Null	
327	222	43.82709	7.063063	Null	279	62.621	7.244604	Contest	193	28.29243	6.927461	Null	164	24.861279	6.993902	Null	208	39.51462	6.9951925	Null	225	42.004612	7.1822224	Null	
328	222	43.82709	7.063063	Null	280	62.66505	7.2401433	Contest	193	28.29243	6.927461	Null	164	24.861279	6.993902	Null	208	39.51462	6.9951925	Null	225	42.004612	7.1822224	Null	
329	222	43.82709	7.063063	Null	281	62.800655	7.25	Contest	193	28.29243	6.927461	Null	164	24.861279	6.993902	Null	208	39.51462	6.9951925	Null	224	41.671474	7.1822224	Null	
330	222	43.82709	7.063063	Null	282	62.91318	7.252669	Contest	193	28.29243	6.927461	Null	164	24.861279	6.993902	Null	208	39.51462	6.9951925	Null	222	41.04588	7.178571	Abandon	
331	222	43.82709	7.063063	Null	283	63.12995	7.255319	Contest	193	28.29243	6.927461	Null	164	24.861279	6.993902	Null	208	39.51462	6.9951925	Null	222	41.04588	7.18018	Null	
332	222	43.82709	7.063063	Null	284	63.31846	7.2508836	Contest	193	28.29243	6.927461	Null	164	24.861279	6.993902	Null	208	39.51462	6.9951925	Null	222	41.04588	7.18018	Null	
333	222	43.82709	7.063063	Null	285	63.49487	7.253521	Contest	193	28.29243	6.927461	Null	164	24.861279	6.993902	Null	208	39.51462	6.9951925	Null	222	41.04588	7.18018	Null	
334	222	43.82709	7.063063	Null	285	63.396103	7.2491226	Contest	193	28.29243	6.927461	Null	164	24.861279	6.993902	Null	208	39.51462	6.9951925	Null	222	40.947113	7.18018	Null	
335	222	43.82709	7.063063	Null	285	63.297337	7.2491226	Contest	193	28.29243	6.927461	Null	164	24.861279	6.993902	Null	208	39.51462	6.9951925	Null	222	40.848347	7.18018	Null	
336	222	43.82709	7.063063	Null	286	63.506474	7.2491226	Contest	193	28.29243	6.927461	Null	164	24.861279	6.993902	Null	208	39.51462	6.9951925	Null	221	40.441677	7.18018	Null	
337	222	43.82709	7.063063	Null	287	63.727783	7.251748	Contest	193	28.29243	6.927461	Null	164	24.861279	6.993902	Null	208	39.51462	6.9951925	Null	219	39.740246	7.1764708	Abandon	
338	222	43.82709	7.063063	Null	288	63.911606	7.247387	Contest	193	28.29243	6.927461	Null	164	24.861279	6.993902	Null	208	39.51462	6.9951925	Null	218	39.538685	7.1689496	Abandon	
339	222	43.82709	7.063063	Null	289	64.014404	7.2430553	Contest	193	28.29243	6.927461	Null	164	24.861279	6.993902	Null	208	39.51462	6.9951925	Null	218	39.538685	7.174312	Null	
340	222	43.82709	7.063063	Null	290	64.196556	7.252595	Contest	193	28.29243	6.927461	Null	164	24.861279	6.993902	Null	208	39.51462	6.9951925	Null	217	39.159	7.174312	Null	
341	222	43.82709	7.063063	Null	291	64.345505	7.2482758	Contest	193	28.29243	6.927461	Null	164	24.861279	6.993902	Null	208	39.51462	6.9951925	Null	216	38.564804	7.16129	Abandon	
342	222	43.82709	7.063063	Null	292	64.48203	7.257732	Contest	193	28.29243	6.927461	Null	164	24.861279	6.993902	Null	208	39.51462	6.9951925	Null	215	38.230743	7.1666665	Null	
343	222	43.82709	7.063063	Null	292	64.38327	7.260274	Contest	193	28.29243	6.927461	Null	164	24.861279	6.993902	Null	208	39.51462	6.9951925	Null	215	38.131977	7.162791	Null	
344	222	43.82709	7.063063	Null	293	64.57296	7.260274	Contest	193	28.29243	6.927461	Null	164	24.861279	6.993902	Null	208	39.51462	6.9951925	Null	214	37.74476	7.162791	Null	
345	222	43.82709	7.063063	Null	294	64.69336	7.262799	Contest	193	28.29243	6.927461	Null	164	24.861279	6.993902	Null	208	39.51462	6.9951925	Null	213	37.42683	7.1588783	Null	
346	222	43.82709	7.063063	Null	295	64.903984	7.265306	Contest	193	28.29243	6.927461	Null	164	24.861279	6.993902	Null	208	39.51462	6.9951925	Null	212	37.018673	7.1549296	Null	
347	222	43.82709	7.063063	Null	296	65.067764	7.2677965	Contest	193	28.29243	6.927461	Null	164	24.861279	6.993902	Null	208	39.51462	6.9951925	Null	211	36.657364	7.1509433	Null	
348	222	43.82709	7.063063	Null	297	65.1591	7.2635136	Contest	193	28.29243	6.927461	Null	164	24.861279	6.993902	Null	208	39.51462	6.9951925	Null	210	36.178394	7.1374407	Abandon	
349	222	43.82709	7.063063	Null	298	65.228905	7.2727275	Contest	193	28.29243	6.927461	Null	163	24.59395	6.993902	Null	208	39.51462	6.9951925	Null	210	36.178394	7.142857	Null	
350	222	43.82709	7.063063	Null	298	65.13014	7.275168	Contest	193	28.29243	6.927461	Null	163	24.59395	7.0	Null	208	39.415855	6.9951925	Null	210	36.178394	7.142857	Null	
351	222	43.82709	7.063063	Null	299	65.32234	7.275168	Contest	193	28.29243	6.927461	Null	163	24.59395	7.0	Null	207	39.026123	6.9951925	Null	210	36.178394	7.142857	Null	
352	222	43.82709	7.063063	Null	300	65.358154	7.270903	Contest	193	28.29243	6.927461	Null	163	24.59395	7.0	Null	207	39.026123	7.0	Null	209	35.945057	7.142857	Null	
353	222	43.82709	7.063063	Null	301	65.45192	7.2733335	Contest	193	28.29243	6.927461	Null	163	24.59395	7.0	Null	207	39.026123	7.0	Null	208	35.65376	7.138756	Null	
354	222	43.82709	7.063063	Null	302	65.59845	7.2757473	Contest	193	28.29243	6.927461	Null	163	24.59395	7.0	Null	207	39.026123	7.0	Null	207	35.3097	7.1346154	Null	
355	222	43.82709	7.063063	Null	302	65.49969	7.278146	Contest	193	28.29243	6.927461	Null	163	24.59395	7.0	Null	207	39.026123	7.0	Null	207	35.210934	7.130435	Null	
356	222	43.82709	7.063063	Null	302	65.400925	7.278146	Contest	193	28.29243	6.927461	Null	163	24.59395	7.0	Null	207	39.026123	7.0	Null	207	35.112167	7.130435	Null	
357	222	43.82709	7.063063	Null	303	65.538795	7.278146	Contest	193	28.29243	6.927461	Null	163	24.59395	7.0	Null	207	39.026123	7.0	Null	206	34.776768	7.130435	Null	
358	222	43.82709	7.063063	Null	304	65.567726	7.273927	Contest	193	28.29243	6.927461	Null	163	24.59395	7.0	Null	207	39.026123	7.0	Null	204	34.43814	7.1165047	Abandon	
359	222	43.82709	7.063063	Null	305	65.58113	7.2763157	Contest	193	28.29243	6.927461	Null	163	24.59395	7.0	Null	207	39.026123	7.0	Null	204	34.43814	7.117647	Null	
360	222	43.82709	7.063063	Null	305	65.48237	7.285246	Contest	193	28.29243	6.927461	Null	163	24.59395	7.0	Null	207	39.026123	7.0	Null	204	34.339375	7.117647	Null	
361	222	43.82709	7.063063	Null	305	65.383606	7.285246	Contest	193	28.29243	6.927461	Null	163	24.59395	7.0	Null	207	39.026123	7.0	Null	204	34.24061	7.117647	Null	
362	222	43.82709	7.063063	Null	305	65.28484	7.285246	Contest	193	28.29243	6.927461	Null	163	24.59395	7.0	Null	207	39.026123	7.0	Null	204	34.14184	7.117647	Null	
363	222	43.82709	7.063063	Null	305	65.18608	7.285246	Contest	193	28.29243	6.927461	Null	163	24.59395	7.0	Null	207	39.026123	7.0	Null	204	34.043076	7.117647	Null	
364	222	43.82709	7.063063	Null	305	65.08732	7.285246	Contest	193	28.29243	6.927461	Null	163	24.59395	7.0	Null	207	39.026123	7.0	Null	204	33.94431	7.117647	Null	
365	222	43.82709	7.063063	Null	306	65.210304	7.285246	Contest	193	28.29243	6.927461	Null	163	24.59395	7.0	Null	207	39.026123	7.0	Null	203	33.6238	7.117647	Null	
366	222	43.82709	7.063063	Null	306	65.11154	7.281046	Contest	193	28.29243	6.927461	Null	163	24.495184	7.0	Null	207	39.026123	7.0	Null	202	33.51568	7.1034484	Abandon	
367	222	43.82709	7.063063	Null	307	65.1209	7.281046	Contest	193	28.29243	6.927461	Null	163	24.495184	7.0	Null	207	39.026123	7.0	Null	202	33.51568	7.108911	Null	
368	222	43.82709	7.063063	Null	308	65.18671	7.289902	Contest	193	28.29243	6.927461	Null	163	24.495184	7.0	Null	207	39.026123	7.0	Null	201	33.25235	7.108911	Null	
369	222	43.82709	7.063063	Null	308	65.087944	7.285714	Contest	193	28.29243	6.927461	Null	163	24.396418	7.0	Null	207	39.026123	7.0	Null	200	33.138714	7.0945272	Abandon	
370	222	43.82709	7.063063	Null	309	65.10282	7.285714	Contest	193	28.29243	6.927461	Null	163	24.396418	7.0	Null	207	39.026123	7.0	Null	200	33.138714	7.1	Null	
371	222	43.82709	7.063063	Null	309	65.00406	7.2944984	Contest	193	28.29243	6.927461	Null	163	24.396418	7.0	Null	207	39.026123	7.0	Null	200	33.039948	7.1	Null	
372	222	43.82709	7.063063	Null	309	64.9053	7.2944984	Contest	193	28.29243	6.927461	Null	163	24.396418	7.0	Null	207	39.026123	7.0	Null	200	32.94118	7.1	Null	
373	222	43.82709	7.063063	Null	310	65.008705	7.2944984	Contest	193	28.29243	6.927461	Null	163	24.396418	7.0	Null	207	39.026123	7.0	Null	199	32.640247	7.1	Null	
374	222	43.82709	7.063063	Null	311	65.03315	7.290323	Contest	193	28.29243	6.927461	Null	162	24.174444	7.0	Null	207	39.026123	7.0	Null	198	32.526627	7.0854273	Abandon	
375	222	43.82709	7.063063	Null	312	65.04801	7.2926044	Contest	193	28.29243	6.927461	Null	162	24.174444	6.9938273	Null	207	39.026123	7.0	Null	198	32.526627	7.090909	Null	
376	222	43.82709	7.063063	Null	313	65.15531	7.301282	Contest	193	28.29243	6.927461	Null	162	24.174444	6.9938273	Null	207	39.026123	7.0	Null	197	32.221798	7.090909	Null	
377	222	43.82709	7.063063	Null	313	65.05655	7.2971244	Contest	193	28.29243	6.927461	Null	162	24.075678	6.9938273	Null	207	39.026123	7.0	Null	196	32.137222	7.0761423	Abandon	
378	222	43.82709	7.063063	Null	314	65.042366	7.2971244	Contest	193	28.29243	6.927461	Null	162	24.075678	6.9938273	Null	207	39.026123	7.0	Null	196	32.137222	7.0816326	Null	
379	222	43.82709	7.063063	Null	315	65.05695	7.299363	Contest	193	28.29243	6.927461	Null	162	24.075678	6.9938273	Null	207	39.026123	7.0	Null	196	32.137222	7.0816326	Null	
380	222	43.82709	7.063063	Null	315	64.95819	7.295238	Contest	193	28.29243	6.927461	Null	162	24.075678	6.9938273	Null	207	39.026123	7.0	Null	196	32.038456	7.0816326	Null	
381	222	43.82709	7.063063	Null	315	64.85943	7.295238	Contest	193	28.29243	6.927461	Null	162	24.075678	6.9938273	Null	207	39.026123	7.0	Null	196	31.93969	7.0816326	Null	
382	222	43.82709	7.063063	Null	316	64.96697	7.295238	Contest	193	28.29243	6.927461	Null	162	24.075678	6.9938273	Null	207	39.026123	7.0	Null	195	31.634619	7.0816326	Null	
383	222	43.82709	7.063063	Null	316	64.86821	7.291139	Contest	193	28.29243	6.927461	Null	162	23.976912	6.9938273	Null	207	39.026123	7.0	Null	194	31.536703	7.0666666	Abandon	
384	222	43.82709	7.063063	Null	317	64.92484	7.291139	Contest	193	28.29243	6.927461	Null	161	23.722746	6.9938273	Null	207	39.026123	7.0	Null	193	31.498934	7.072165	Abandon	
385	222	43.82709	7.063063	Null	317	64.82608	7.2933755	Contest	193	28.29243	6.927461	Null	161	23.62398	6.9875774	Null	207	39.026123	7.0	Null	192	31.377674	7.07772	Abandon	
386	222	43.82709	7.063063	Null	317	64.72732	7.2933755	Contest	193	28.29243	6.927461	Null	161	23.525213	6.9875774	Null	207	39.026123	7.0	Null	192	31.377674	7.0833335	Null	
387	222	43.82709	7.063063	Null	318	64.94094	7.2933755	Contest	193	28.29243	6.927461	Null	160	23.114058	6.9875774	Null	207	39.026123	7.0	Null	192	31.377674	7.0833335	Null	
388	222	43.82709	7.063063	Null	319	64.95839	7.289308	Contest	193	28.29243	6.927461	Null	159	22.899076	7.00625	Null	207	39.026123	7.0	Null	192	31.377674	7.0833335	Null	
389	222	43.82709	7.063063	Null	320	64.96781	7.291536	Contest	193	28.29243	6.927461	Null	158	22.692123	7.0	Null	207	39.026123	7.0	Null	192	31.377674	7.0833335	Null	
390	222	43.82709	7.063063	Null	321	65.124725	7.29375	Contest	193	28.29243	6.927461	Null	157	22.337679	6.993671	Null	207	39.026123	7.0	Null	192	31.377674	7.0833335	Null	
391	222	43.82709	7.063063	Null	321	65.02596	7.29595	Contest	193	28.29243	6.927461	Null	157	22.238913	6.9872613	Null	207	39.026123	7.0	Null	192	31.377674	7.0833335	Null	
392	222	43.82709	7.063063	Null	322	65.27883	7.29595	Contest	193	28.29243	6.927461	Null	156	21.788511	6.9872613	Null	207	39.026123	7.0	Null	192	31.377674	7.0833335	Null	
393	222	43.82709	7.063063	Null	322	65.18007	7.2981367	Contest	193	28.29243	6.927461	Null	156	21.689745	6.980769	Null	207	39.026123	7.0	Null	192	31.377674	7.0833335	Null	
394	222	43.82709	7.063063	Null	323	65.44215	7.2981367	Contest	193	28.29243	6.927461	Null	155	21.230137	6.980769	Null	207	39.026123	7.0	Null	192	31.377674	7.0833335	Null	
395	222	43.82709	7.063063	Null	323	65.34338	7.3003097	Contest	193	28.29243	6.927461	Null	155	21.13137	6.9741936	Null	207	39.026123	7.0	Null	192	31.377674	7.0833335	Null	
396	222	43.82709	7.063063	Null	324	65.35274	7.3003097	Contest	193	28.29243	6.927461	Null	154	20.924488	6.9741936	Null	207	39.026123	7.0	Null	192	31.377674	7.0833335	Null	
397	222	43.82709	7.063063	Null	325	65.399185	7.3024693	Contest	193	28.29243	6.927461	Null	153	20.680511	6.9675326	Null	207	39.026123	7.0	Null	192	31.377674	7.0833335	Null	
398	222	43.82709	7.063063	Null	326	65.41782	7.3046155	Contest	193	28.29243	6.927461	Null	152	20.464348	6.9607844	Null	207	39.026123	7.0	Null	192	31.377674	7.0833335	Null	
399	222	43.82709	7.063063	Null	327	65.45034	7.3067484	Contest	193	28.29243	6.927461	Null	151	20.234303	6.9539475	Null	207	39.026123	7.0	Null	192	31.377674	7.0833335	Null	
400	222	43.82709	7.063063	Null	328	65.48616	7.3088684	Contest	193	28.29243	6.927461	Null	150	20.000954	6.94702	Null	207	39.026123	7.0	Null	192	31.377674	7.0833335	Null	
401	222	43.82709	7.063063	Null	329	65.5269	7.3109756	Contest	193	28.29243	6.927461	Null	149	19.623173	6.94	Abandon	207	39.026123	7.0	Null	192	31.377674	7.0833335	Null	
402	222	43.82709	7.063063	Null	330	65.521545	7.306991	Contest	193	28.29243	6.927461	Null	149	19.623173	6.9597316	Null	207	39.026123	7.0	Null	191	31.185505	7.0833335	Null	
403	222	43.82709	7.063063	Null	330	65.42278	7.309091	Contest	193	28.29243	6.927461	Null	149	19.623173	6.9597316	Null	207	39.026123	7.0	Null	191	31.086739	7.078534	Null	
404	222	43.82709	7.063063	Null	330	65.32402	7.309091	Contest	193	28.29243	6.927461	Null	149	19.623173	6.9597316	Null	207	39.026123	7.0	Null	191	30.987972	7.078534	Null	
405	222	43.82709	7.063063	Null	331	65.38709	7.309091	Contest	193	28.29243	6.927461	Null	149	19.623173	6.9597316	Null	207	39.026123	7.0	Null	190	30.727375	7.078534	Null	
406	222	43.82709	7.063063	Null	331	65.28833	7.311178	Contest	193	28.29243	6.927461	Null	149	19.623173	6.9597316	Null	207	39.026123	7.0	Null	190	30.727375	7.073684	Null	
407	222	43.82709	7.063063	Null	331	65.28833	7.311178	Null	193	28.29243	6.927461	Null	149	19.623173	6.9597316	Null	207	39.026123	7.0	Null	190	30.727375	7.073684	Null	
408	222	43.82709	7.063063	Null	331	65.28833	7.311178	Null	193	28.29243	6.927461	Null	149	19.623173	6.9597316	Null	207	39.026123	7.0	Null	190	30.727375	7.073684	Null	
409	222	43.82709	7.063063	Null	331	65.28833	7.311178	Null	193	28.29243	6.927461	Null	149	19.623173	6.9597316	Null	207	39.026123	7.0	Null	190	30.727375	7.073684	Null	
410	222	43.82709	7.063063	Null	331	65.28833	7.311178	Null	193	28.29243	6.927461	Null	149	19.623173	6.9597316	Null	207	39.026123	7.0	Null	190	30.727375	7.073684	Null	
411	222	43.82709	7.063063	Null	331	65.28833	7.311178	Null	193	28.29243	6.927461	Null	149	19.623173	6.9597316	Null	207	39.026123	7.0	Null	190	30.727375	7.073684	Null	
412	222	43.82709	7.063063	Null	331	65.28833	7.311178	Null	193	28.29243	6.927461	Null	149	19.623173	6.9597316	Null	207	39.026123	7.0	Null	190	30.727375	7.073684	Null	
413	222	43.82709	7.063063	Null	331	65.28833	7.311178	Null	193	28.29243	6.927461	Null	149	19.623173	6.9597316	Null	207	39.026123	7.0	Null	190	30.727375	7.073684	Null	
414	222	43.82709	7.063063	Null	331	65.28833	7.311178	Null	193	28.29243	6.927461	Null	149	19.623173	6.9597316	Null	207	39.026123	7.0	Null	190	30.727375	7.073684	Null	
415	222	43.82709	7.063063	Null	331	65.28833	7.311178	Null	193	28.29243	6.927461	Null	149	19.623173	6.9597316	Null	207	39.026123	7.0	Null	190	30.727375	7.073684	Null	
416	222	43.82709	7.063063	Null	331	65.28833	7.311178	Null	193	28.29243	6.927461	Null	149	19.623173	6.9597316	Null	207	39.026123	7.0	Null	190	30.727375	7.073684	Null	
