SIMULATION PARAMETERS:
n = 225
m = 400
k = 1
p = 5
recruit_likeliness = 0.01
defeat_likeliness = 0.5
starting_control = 100
resource_noise_scale = 0.033333335

SIMULATION DATA:
t	NATION -1 SIZE	NATION -1 RESOURCES	NATION 0 SIZE	NATION 0 RESOURCES	NATION 1 SIZE	NATION 1 RESOURCES	NATION 2 SIZE	NATION 2 RESOURCES	NATION 3 SIZE	NATION 3 RESOURCES	NATION 4 SIZE	NATION 4 RESOURCES	
0	0.0	0.0	0.0	0.0	0.0	0.0	0.0	0.0	0.0	0.0	0.0	0.0	
533	89995.0	19812.281	1.0	1.0	1.0	1.0	1.0	1.0	1.0	1.0	1.0	1.0	
534	89994.0	19812.23	1.0	1.0	1.0	1.0	2.0	1.0469253	1.0	1.0	1.0	1.0	
535	89992.0	19811.902	1.0	1.0	1.0	1.0	3.0	1.1019022	2.0	1.2785589	1.0	1.0	
536	89988.0	19811.05	1.0	1.0	1.0	1.0	4.0	1.1449794	5.0	2.089132	1.0	1.0	
537	89982.0	19809.492	1.0	1.0	1.0	1.0	4.0	1.1449794	11.0	3.6430166	1.0	1.0	
538	89974.0	19807.367	1.0	1.0	1.0	1.0	4.0	1.1449794	19.0	5.766503	1.0	1.0	
539	89967.0	19805.418	1.0	1.0	1.0	1.0	4.0	1.1449794	26.0	7.7140455	1.0	1.0	
540	89956.0	19802.305	1.0	1.0	1.0	1.0	4.0	1.1449794	37.0	10.824019	1.0	1.0	
541	89942.0	19798.54	1.0	1.0	1.0	1.0	4.0	1.1449794	51.0	14.590931	1.0	1.0	
542	89922.0	19792.984	2.0	1.2208916	1.0	1.0	4.0	1.1449794	70.0	19.925453	1.0	1.0	
543	89909.0	19789.36	3.0	1.4283069	1.0	1.0	4.0	1.1449794	82.0	23.339909	1.0	1.0	
544	89883.0	19782.547	4.0	1.6505071	1.0	1.0	5.0	1.1884995	106.0	29.895035	1.0	1.0	
545	89854.0	19775.14	7.0	2.236063	1.0	1.0	5.0	1.1884995	132.0	36.71645	1.0	1.0	
546	89836.0	19770.625	10.0	2.762109	1.0	1.0	5.0	1.1884995	147.0	40.70928	1.0	1.0	
547	89819.0	19766.375	15.0	3.6185842	1.0	1.0	5.0	1.1884995	159.0	44.096287	1.0	1.0	
548	89788.0	19758.71	24.0	5.1936526	1.0	1.0	5.0	1.1884995	180.0	50.02604	2.0	1.1546791	
549	89765.0	19752.938	32.0	6.9176283	1.0	1.0	6.0	1.2306813	193.0	53.89213	3.0	1.2962514	
550	89738.0	19746.27	40.0	8.391485	1.0	1.0	7.0	1.304598	210.0	58.867584	4.0	1.4385287	
551	89717.0	19742.086	45.0	9.16132	1.0	1.0	7.0	1.304598	222.0	61.73629	8.0	1.9868475	
552	89691.0	19735.871	50.0	10.05317	1.0	1.0	7.0	1.304598	236.0	66.15921	15.0	2.8864026	
553	89654.0	19727.242	58.0	11.458738	1.0	1.0	7.0	1.304598	259.0	72.62552	21.0	3.6403391	
554	89629.0	19721.953	61.0	11.972146	1.0	1.0	8.0	1.3484501	273.0	76.446945	28.0	4.556332	
555	89595.0	19714.352	64.0	12.498926	1.0	1.0	8.0	1.3484501	293.0	81.96279	39.0	6.119969	
556	89563.0	19706.21	66.0	12.957003	1.0	1.0	8.0	1.3484501	315.0	88.32825	47.0	7.4309216	
557	89532.0	19699.055	72.0	13.996738	1.0	1.0	8.0	1.3484501	333.0	93.29298	54.0	8.575879	
558	89490.0	19689.512	79.0	15.732952	1.0	1.0	8.0	1.3484501	356.0	99.17263	66.0	10.503728	
559	89445.0	19680.066	85.0	17.113579	1.0	1.0	8.0	1.3484501	379.0	104.5378	82.0	13.209481	
560	89409.0	19672.117	90.0	18.758415	1.0	1.0	9.0	1.4196453	401.0	109.58091	90.0	14.396205	
561	89370.0	19664.023	98.0	20.850662	1.0	1.0	9.0	1.4196453	419.0	113.478035	103.0	16.495625	
562	89332.0	19654.879	109.0	24.441973	1.0	1.0	9.0	1.4196453	437.0	117.489204	112.0	18.043139	
563	89287.0	19644.496	117.0	27.13574	1.0	1.0	9.0	1.4196453	466.0	123.8541	120.0	19.357855	
564	89246.0	19634.598	130.0	31.500248	1.0	1.0	9.0	1.4196453	483.0	127.59904	131.0	21.154236	
565	89197.0	19624.223	139.0	34.394253	1.0	1.0	9.0	1.4196453	516.0	134.0136	138.0	22.22957	
566	89157.0	19615.176	150.0	37.818798	2.0	1.2250122	9.0	1.4196453	533.0	137.75578	149.0	23.88839	
567	89109.0	19603.832	163.0	41.976395	4.0	1.654284	9.0	1.4196453	554.0	142.7038	161.0	25.702833	
568	89047.0	19589.855	174.0	46.039284	9.0	2.731984	9.0	1.4196453	583.0	148.84006	178.0	28.388346	
569	89011.0	19580.602	183.0	49.543903	13.0	3.4966624	9.0	1.4196453	599.0	152.73918	185.0	29.47269	
570	88951.0	19566.105	197.0	54.76317	18.0	4.3436556	9.0	1.4196453	626.0	159.06204	199.0	31.576103	
571	88900.0	19553.191	207.0	58.938324	18.0	4.3436556	9.0	1.4196453	648.0	164.86055	218.0	34.52831	
572	88843.0	19538.562	221.0	63.720417	21.0	4.915176	9.0	1.4196453	673.0	171.9802	233.0	36.69075	
573	88779.0	19524.184	232.0	67.50625	24.0	5.468668	10.0	1.4602314	698.0	178.42114	257.0	40.242615	
574	88715.0	19509.273	244.0	71.018135	27.0	6.035953	10.0	1.4602314	728.0	186.22739	276.0	43.265327	
575	88665.0	19499.129	251.0	72.164	32.0	6.94501	11.0	1.5000777	747.0	191.38487	294.0	46.163902	
576	88597.0	19482.992	265.0	76.0829	34.0	7.2795486	12.0	1.5394727	776.0	199.09462	316.0	50.298897	
577	88531.0	19466.016	272.0	78.20878	39.0	8.11474	13.0	1.5796809	814.0	210.44759	331.0	52.927387	
578	88459.0	19449.691	281.0	80.13763	42.0	8.705114	16.0	1.7115362	849.0	219.71106	353.0	57.345207	
579	88362.0	19427.262	293.0	82.88618	51.0	10.403095	19.0	1.8442862	897.0	232.80585	378.0	62.10648	
580	88274.0	19408.418	301.0	84.87778	61.0	12.480722	25.0	2.106846	940.0	244.32573	399.0	65.10943	
581	88176.0	19386.754	311.0	87.53979	70.0	14.36716	29.0	2.2856774	992.0	257.60648	422.0	68.769356	
582	88081.0	19367.398	327.0	90.69994	82.0	16.738802	33.0	2.4523544	1032.0	268.09427	445.0	71.931946	
583	87982.0	19344.46	346.0	95.281555	99.0	20.570639	33.0	2.4523544	1072.0	278.55225	468.0	76.008736	
584	87874.0	19320.922	366.0	100.17457	121.0	25.507296	35.0	2.5461361	1107.0	287.49585	497.0	80.67166	
585	87772.0	19298.035	390.0	106.931015	131.0	27.495981	35.0	2.5461361	1137.0	295.58066	535.0	86.74396	
586	87660.0	19274.02	416.0	113.66548	147.0	31.023083	36.0	2.5949278	1171.0	303.89233	570.0	92.144196	
587	87538.0	19248.527	446.0	121.00499	166.0	35.170612	37.0	2.636961	1201.0	311.2225	612.0	98.77667	
588	87409.0	19219.559	481.0	130.65948	186.0	40.0719	38.0	2.6844478	1228.0	318.37247	658.0	105.98627	
589	87285.0	19192.043	513.0	139.75987	201.0	43.834362	39.0	2.7349668	1258.0	325.46994	704.0	113.491196	
590	87136.0	19161.691	557.0	150.19284	217.0	47.170918	42.0	2.9016738	1289.0	332.71854	759.0	122.6543	
591	86990.0	19128.96	598.0	162.05821	248.0	54.17928	47.0	3.2192137	1322.0	340.0932	795.0	128.83273	
592	86845.0	19100.68	633.0	170.2574	273.0	59.206436	52.0	3.544735	1356.0	347.63632	841.0	135.9875	
593	86682.0	19063.922	679.0	184.62923	305.0	65.94525	56.0	3.809192	1384.0	354.4153	894.0	144.60426	
594	86527.0	19029.672	722.0	198.12634	322.0	69.84347	61.0	4.1417103	1426.0	363.7426	942.0	151.80954	
595	86386.0	19000.75	766.0	208.84077	342.0	74.06736	63.0	4.248973	1460.0	371.4187	983.0	157.99008	
596	86234.0	18968.488	812.0	221.65811	365.0	78.92885	64.0	4.3098574	1496.0	378.995	1029.0	164.93332	
597	86079.0	18936.633	863.0	234.30264	385.0	83.04457	63.0	4.2181244	1538.0	387.81808	1072.0	171.28984	
598	85937.0	18906.316	905.0	243.77448	401.0	86.546165	61.0	4.082389	1583.0	398.65436	1113.0	177.93831	
599	85775.0	18873.047	950.0	252.15266	428.0	92.45818	58.0	3.8872523	1637.0	411.13885	1152.0	184.64969	
600	85612.0	18839.875	991.0	260.82077	452.0	97.70872	58.0	3.8733203	1686.0	421.68945	1201.0	193.38667	
601	85448.0	18807.812	1027.0	266.69437	488.0	105.59664	58.0	3.8706386	1734.0	432.21292	1245.0	201.16383	
602	85257.0	18769.844	1073.0	273.56674	520.0	112.78807	56.0	3.7916417	1797.0	446.9753	1297.0	210.37863	
603	85068.0	18732.39	1115.0	281.4685	558.0	120.593	60.0	4.1116095	1851.0	459.25262	1348.0	219.51927	
604	84858.0	18688.434	1175.0	293.20502	597.0	129.67421	61.0	4.350466	1909.0	472.79294	1400.0	228.89345	
605	84645.0	18646.766	1237.0	304.96283	626.0	136.2056	68.0	5.0847435	1971.0	485.60126	1453.0	238.72598	
606	84429.0	18603.047	1293.0	315.01422	668.0	145.63577	76.0	5.875702	2028.0	498.63416	1506.0	249.14053	
607	84215.0	18560.219	1338.0	322.49048	712.0	155.80229	80.0	6.321931	2091.0	512.61426	1564.0	259.9015	
608	84003.0	18516.52	1397.0	333.0561	749.0	164.4084	91.0	7.443659	2138.0	525.55945	1622.0	270.3543	
609	83788.0	18472.812	1446.0	341.1065	789.0	172.69423	96.0	8.216053	2204.0	541.97406	1677.0	280.53055	
610	83570.0	18427.578	1499.0	350.91476	824.0	180.67708	104.0	8.943489	2269.0	558.7568	1734.0	290.46964	
611	83358.0	18383.996	1547.0	360.69232	852.0	187.2035	109.0	9.749495	2340.0	575.30725	1794.0	300.38766	
612	83144.0	18338.59	1593.0	369.26596	888.0	196.54529	116.0	10.822312	2404.0	590.3202	1855.0	311.78976	
613	82944.0	18297.055	1627.0	376.7413	911.0	202.61717	133.0	12.870355	2466.0	604.9446	1919.0	323.1137	
614	82717.0	18252.824	1681.0	386.0132	942.0	210.39116	137.0	13.88649	2529.0	618.48914	1994.0	335.71317	
615	82522.0	18213.137	1721.0	393.4563	976.0	219.4743	151.0	15.725079	2584.0	631.6798	2046.0	343.85114	
616	82305.0	18167.617	1761.0	400.8935	1002.0	226.39476	172.0	18.278715	2653.0	650.46234	2107.0	353.67053	
617	82090.0	18123.23	1806.0	411.04913	1039.0	235.99432	193.0	20.886	2714.0	664.6521	2158.0	361.51822	
618	81875.0	18080.602	1844.0	419.00638	1067.0	243.40541	217.0	23.907354	2776.0	678.5251	2221.0	371.87772	
619	81641.0	18032.219	1895.0	431.03275	1091.0	249.88431	255.0	29.114613	2834.0	692.7069	2284.0	382.37833	
620	81418.0	17986.988	1946.0	443.4717	1117.0	256.855	281.0	32.101685	2896.0	706.92395	2342.0	390.96848	
621	81216.0	17947.34	1988.0	452.65585	1137.0	261.888	297.0	34.207783	2960.0	721.5398	2402.0	399.6642	
622	80995.0	17898.574	2038.0	465.232	1161.0	269.42395	321.0	37.155666	3016.0	737.60724	2469.0	409.29037	
623	80766.0	17850.645	2090.0	477.01257	1190.0	277.75214	335.0	38.791763	3083.0	753.5407	2536.0	419.52457	
624	80543.0	17802.902	2142.0	489.08182	1221.0	286.42728	351.0	41.19526	3145.0	767.42786	2598.0	430.22223	
625	80313.0	17751.105	2199.0	502.67084	1259.0	297.36746	363.0	43.416584	3210.0	781.503	2656.0	441.18546	
626	80101.0	17703.21	2255.0	515.45667	1298.0	308.40814	371.0	45.41333	3266.0	793.1178	2709.0	451.63794	
627	79919.0	17665.098	2305.0	526.2952	1324.0	315.7237	375.0	46.52245	3308.0	801.17255	2769.0	462.4232	
628	79734.0	17623.19	2358.0	537.6422	1361.0	325.73254	378.0	47.522488	3354.0	811.73016	2815.0	471.39877	
629	79552.0	17582.523	2423.0	551.6347	1396.0	335.42438	376.0	47.481174	3394.0	820.4314	2859.0	479.714	
630	79349.0	17536.574	2494.0	567.19196	1442.0	348.1302	375.0	47.77793	3428.0	828.48706	2912.0	489.04285	
631	79138.0	17489.217	2561.0	581.03534	1484.0	359.5907	366.0	46.977116	3474.0	839.12744	2977.0	501.2637	
632	78910.0	17436.916	2646.0	598.3668	1535.0	373.57974	356.0	46.122955	3508.0	847.23114	3045.0	514.9887	
633	78713.0	17394.996	2717.0	612.3471	1575.0	383.96005	344.0	44.65137	3540.0	853.7755	3111.0	527.45325	
634	78486.0	17344.05	2800.0	630.52136	1632.0	397.76562	331.0	43.053967	3576.0	861.592	3175.0	540.19525	
635	78247.0	17293.188	2886.0	648.1729	1683.0	410.2372	316.0	41.53587	3621.0	871.3777	3247.0	552.6761	
636	78008.0	17239.19	2981.0	668.55945	1734.0	422.78766	294.0	38.679077	3665.0	882.6991	3318.0	565.29395	
637	77771.0	17185.672	3079.0	691.54376	1788.0	435.59634	267.0	35.017715	3711.0	892.57684	3384.0	576.8082	
638	77527.0	17129.637	3193.0	715.9926	1842.0	447.70227	237.0	31.135632	3761.0	905.08844	3440.0	587.6489	
639	77269.0	17070.207	3293.0	739.00146	1891.0	459.43628	220.0	29.442982	3825.0	919.56256	3502.0	599.5452	
640	77007.0	17009.678	3412.0	765.84143	1942.0	471.70502	191.0	25.533512	3892.0	934.1977	3556.0	610.2404	
641	76740.0	16948.006	3533.0	797.7561	1991.0	482.39334	171.0	23.3769	3947.0	945.59375	3618.0	620.0495	
642	76506.0	16895.453	3620.0	818.5795	2036.0	491.72656	154.0	21.732244	4003.0	958.7739	3681.0	630.9123	
643	76242.0	16836.85	3728.0	845.6103	2087.0	502.40497	142.0	20.388388	4057.0	970.889	3744.0	641.0348	
644	75982.0	16779.752	3843.0	871.4344	2135.0	512.6627	120.0	17.527243	4125.0	985.28265	3795.0	650.5218	
645	75721.0	16722.346	3952.0	893.68866	2191.0	525.2927	99.0	14.507546	4188.0	1000.01184	3849.0	661.32324	
646	75463.0	16662.928	4066.0	920.88214	2234.0	535.5419	82.0	12.121939	4259.0	1015.6303	3896.0	670.05634	
647	75197.0	16605.744	4177.0	943.3707	2278.0	546.1751	69.0	10.553948	4334.0	1033.0139	3945.0	678.31934	
648	74938.0	16549.13	4291.0	967.3992	2325.0	558.1288	52.0	7.9634223	4406.0	1048.959	3988.0	685.5815	
649	74696.0	16499.137	4376.0	986.3796	2365.0	567.5242	39.0	6.184497	4488.0	1065.3588	4036.0	692.5794	
650	74450.0	16444.297	4469.0	1007.7782	2412.0	578.78125	37.0	6.2360206	4557.0	1080.4507	4075.0	699.61505	
651	74200.0	16391.164	4574.0	1029.295	2470.0	592.56903	32.0	5.8628845	4608.0	1090.6008	4116.0	707.6724	
652	73958.0	16337.499	4663.0	1048.799	2520.0	604.9881	27.0	5.199361	4665.0	1102.262	4167.0	718.41986	
653	73740.0	16289.1	4752.0	1066.489	2559.0	614.7693	21.0	4.4235473	4719.0	1114.635	4209.0	727.7573	
654	73520.0	16243.672	4831.0	1082.1587	2609.0	626.06714	13.0	2.973061	4764.0	1123.3915	4263.0	738.90686	
655	73326.0	16202.143	4898.0	1095.5947	2652.0	636.9405	9.0	2.2808304	4805.0	1131.2881	4310.0	748.9203	
656	73116.0	16155.496	4962.0	1109.2141	2710.0	651.05994	8.0	2.0830503	4854.0	1141.3608	4350.0	757.9559	
657	72905.0	16112.558	5037.0	1123.2825	2749.0	660.78357	8.0	2.0830503	4909.0	1151.4916	4392.0	766.96967	
658	72681.0	16065.239	5114.0	1138.2733	2803.0	674.351	6.0	1.7823745	4955.0	1159.8673	4441.0	777.6493	
659	72453.0	16016.018	5173.0	1149.6707	2864.0	689.5549	4.0	1.4842939	5013.0	1172.0919	4493.0	788.34875	
660	72205.0	15957.428	5260.0	1166.4463	2916.0	706.09863	3.0	1.4437127	5069.0	1183.9751	4547.0	801.78015	
661	71962.0	15903.612	5347.0	1183.0028	2965.0	721.43866	2.0	1.2254795	5130.0	1196.1057	4594.0	811.7993	
662	71718.0	15846.107	5419.0	1198.8969	3031.0	741.6988	1.0	1.0	5187.0	1206.6969	4644.0	822.7921	
663	71425.0	15775.3125	5516.0	1218.4778	3117.0	770.44354	1.0	1.0	5248.0	1219.5509	4693.0	832.40173	
664	71186.0	15718.088	5597.0	1234.2283	3164.0	787.9108	1.0	1.0	5304.0	1231.178	4748.0	844.77545	
665	70931.0	15661.851	5675.0	1247.6963	3236.0	809.1752	1.0	1.0	5363.0	1243.1626	4794.0	854.2963	
666	70673.0	15606.762	5759.0	1263.7372	3293.0	825.02625	1.0	1.0	5430.0	1255.6245	4844.0	865.0339	
667	70431.0	15552.024	5830.0	1277.4591	3351.0	841.88214	1.0	1.0	5490.0	1267.717	4897.0	877.1027	
668	70150.0	15490.919	5898.0	1288.6558	3422.0	862.22925	1.0	1.0	5565.0	1282.101	4964.0	892.28217	
669	69871.0	15432.157	5986.0	1303.704	3486.0	879.63074	1.0	1.0	5634.0	1294.0878	5022.0	906.6079	
670	69620.0	15379.762	6072.0	1317.7928	3528.0	891.383	1.0	1.0	5705.0	1307.432	5074.0	919.825	
671	69337.0	15318.149	6169.0	1335.63	3586.0	907.2431	1.0	1.0	5766.0	1319.9574	5141.0	935.2365	
672	69061.0	15255.725	6256.0	1352.227	3642.0	921.83484	1.0	1.0	5829.0	1332.8395	5211.0	953.59204	
673	68814.0	15196.988	6336.0	1367.037	3704.0	939.7594	1.0	1.0	5879.0	1342.7191	5266.0	969.72455	
674	68561.0	15138.4	6422.0	1383.3033	3750.0	952.9205	1.0	1.0	5935.0	1353.3986	5331.0	988.2078	
675	68303.0	15075.076	6505.0	1400.6914	3809.0	969.17	1.0	1.0	5971.0	1361.5713	5411.0	1009.7169	
676	68038.0	15006.647	6580.0	1415.7356	3873.0	987.8477	1.0	1.0	6021.0	1372.701	5487.0	1033.3011	
677	67791.0	14944.978	6644.0	1428.4135	3940.0	1006.37384	1.0	1.0	6055.0	1380.0692	5569.0	1056.3878	
678	67497.0	14873.603	6729.0	1444.5214	4012.0	1025.6672	1.0	1.0	6098.0	1389.0316	5663.0	1083.3958	
679	67227.0	14811.78	6803.0	1458.6956	4088.0	1045.0972	1.0	1.0	6151.0	1399.4954	5730.0	1101.1501	
680	66960.0	14746.407	6873.0	1472.6736	4148.0	1062.4915	1.0	1.0	6207.0	1411.5383	5811.0	1123.1111	
681	66697.0	14680.425	6945.0	1489.0875	4222.0	1081.6808	1.0	1.0	6255.0	1421.7151	5880.0	1143.3135	
682	66412.0	14608.934	7029.0	1506.9731	4292.0	1100.5398	1.0	1.0	6307.0	1435.7169	5959.0	1164.0631	
683	66131.0	14538.695	7118.0	1524.9559	4362.0	1121.0144	1.0	1.0	6368.0	1450.656	6020.0	1180.9012	
684	65848.0	14466.946	7193.0	1540.6161	4430.0	1141.5043	1.0	1.0	6429.0	1463.6049	6099.0	1203.5563	
685	65543.0	14386.131	7264.0	1557.2831	4509.0	1165.0336	1.0	1.0	6489.0	1476.3744	6194.0	1231.4026	
686	65221.0	14301.195	7345.0	1576.0768	4594.0	1189.3436	1.0	1.0	6547.0	1488.1444	6292.0	1261.4664	
687	64880.0	14212.261	7427.0	1596.1476	4681.0	1215.7455	1.0	1.0	6619.0	1503.7114	6392.0	1288.3617	
688	64573.0	14135.126	7526.0	1621.333	4743.0	1232.4406	1.0	1.0	6689.0	1517.1016	6468.0	1310.2388	
689	64263.0	14053.042	7637.0	1648.5857	4798.0	1248.7706	1.0	1.0	6757.0	1531.0399	6544.0	1334.8007	
690	63929.0	13965.121	7733.0	1673.3933	4872.0	1268.7362	1.0	1.0	6845.0	1548.6329	6620.0	1360.3511	
691	63570.0	13874.657	7843.0	1698.2588	4934.0	1285.3276	1.0	1.0	6944.0	1569.4773	6708.0	1388.5203	
692	63235.0	13788.035	7950.0	1723.8613	4986.0	1298.2944	1.0	1.0	7029.0	1587.8737	6799.0	1418.1759	
693	62881.0	13693.342	8052.0	1747.6946	5064.0	1317.0271	1.0	1.0	7104.0	1603.9569	6898.0	1454.2235	
694	62543.0	13605.606	8140.0	1768.6366	5137.0	1336.586	1.0	1.0	7181.0	1620.9153	6998.0	1484.4862	
695	62251.0	13524.284	8221.0	1789.3987	5195.0	1351.1344	1.0	1.0	7236.0	1633.9551	7096.0	1517.4639	
696	61941.0	13438.222	8305.0	1812.893	5264.0	1370.1615	1.0	1.0	7301.0	1647.583	7188.0	1547.3794	
697	61636.0	13351.753	8395.0	1837.2888	5332.0	1389.4335	1.0	1.0	7355.0	1659.0566	7281.0	1578.7012	
698	61288.0	13256.909	8489.0	1861.7914	5405.0	1411.4138	1.0	1.0	7418.0	1670.9767	7399.0	1615.1515	
699	60942.0	13161.51	8571.0	1885.2881	5485.0	1434.1478	1.0	1.0	7483.0	1684.3588	7518.0	1650.9323	
700	60600.0	13065.293	8658.0	1910.8627	5564.0	1456.1699	1.0	1.0	7549.0	1698.7349	7628.0	1685.1913	
701	60239.0	12962.343	8756.0	1943.5387	5649.0	1478.5632	1.0	1.0	7607.0	1710.4294	7748.0	1721.3778	
702	59897.0	12862.938	8846.0	1974.3811	5726.0	1499.0054	1.0	1.0	7660.0	1721.4316	7870.0	1758.4899	
703	59572.0	12768.505	8937.0	2007.8312	5799.0	1517.3507	1.0	1.0	7714.0	1733.2335	7977.0	1789.3341	
704	59253.0	12677.254	9016.0	2036.5438	5877.0	1536.7782	1.0	1.0	7773.0	1744.2711	8080.0	1821.4081	
705	58953.0	12594.776	9097.0	2063.7764	5946.0	1553.8705	1.0	1.0	7831.0	1755.3905	8172.0	1848.4309	
706	58645.0	12506.515	9177.0	2092.6272	6002.0	1567.305	1.0	1.0	7886.0	1765.9076	8289.0	1883.8915	
707	58361.0	12421.89	9242.0	2117.272	6066.0	1584.3169	1.0	1.0	7933.0	1773.8417	8397.0	1918.9335	
708	58101.0	12342.413	9318.0	2145.7876	6112.0	1597.1116	1.0	1.0	7992.0	1786.291	8476.0	1944.6426	
709	57819.0	12264.373	9392.0	2168.8604	6159.0	1610.53	1.0	1.0	8052.0	1797.8794	8577.0	1974.6078	
710	57551.0	12185.345	9464.0	2192.8801	6216.0	1626.325	1.0	1.0	8107.0	1809.1095	8661.0	2002.5913	
711	57244.0	12095.974	9536.0	2215.41	6266.0	1639.82	1.0	1.0	8178.0	1822.3536	8775.0	2042.6923	
712	56933.0	12011.112	9625.0	2243.4902	6324.0	1655.1389	1.0	1.0	8233.0	1832.3424	8884.0	2074.1587	
713	56631.0	11922.227	9698.0	2269.8972	6384.0	1670.9513	1.0	1.0	8295.0	1844.505	8991.0	2108.6667	
714	56293.0	11823.261	9790.0	2303.0647	6454.0	1689.5623	1.0	1.0	8351.0	1854.9705	9111.0	2145.3948	
715	55962.0	11729.86	9909.0	2344.312	6513.0	1704.7278	1.0	1.0	8418.0	1867.0945	9197.0	2170.2512	
716	55669.0	11652.607	9991.0	2370.9949	6581.0	1721.3563	1.0	1.0	8479.0	1878.3773	9279.0	2192.9224	
717	55348.0	11568.008	10089.0	2404.045	6650.0	1738.6227	1.0	1.0	8556.0	1893.3357	9356.0	2212.2463	
718	55049.0	11484.988	10178.0	2433.453	6717.0	1756.8143	1.0	1.0	8613.0	1904.7468	9442.0	2236.2515	
719	54723.0	11396.628	10271.0	2465.653	6807.0	1778.0544	1.0	1.0	8671.0	1915.9752	9527.0	2259.9453	
720	54418.0	11314.269	10367.0	2497.556	6887.0	1798.7379	1.0	1.0	8730.0	1927.5507	9597.0	2278.1375	
721	54100.0	11225.199	10471.0	2530.2007	6979.0	1821.9252	1.0	1.0	8775.0	1937.3195	9674.0	2301.6084	
722	53767.0	11138.055	10563.0	2561.6504	7078.0	1846.5461	1.0	1.0	8842.0	1949.1858	9749.0	2320.8188	
723	53437.0	11048.975	10667.0	2597.3374	7176.0	1871.2041	1.0	1.0	8905.0	1960.2905	9814.0	2338.4585	
724	53106.0	10962.626	10776.0	2631.6062	7259.0	1890.3195	1.0	1.0	8965.0	1972.7706	9893.0	2358.9487	
725	52770.0	10878.174	10876.0	2663.0723	7348.0	1910.9646	1.0	1.0	9031.0	1984.7681	9974.0	2379.279	
726	52455.0	10794.676	10992.0	2699.8484	7412.0	1925.5786	1.0	1.0	9084.0	1996.1023	10056.0	2400.0615	
727	52116.0	10707.624	11101.0	2733.0696	7479.0	1940.8596	1.0	1.0	9156.0	2011.4103	10147.0	2423.3047	
728	51791.0	10622.852	11207.0	2767.083	7548.0	1956.0021	1.0	1.0	9219.0	2025.4265	10234.0	2444.898	
729	51487.0	10542.429	11290.0	2795.1018	7613.0	1970.1611	1.0	1.0	9292.0	2041.5504	10317.0	2467.0105	
730	51144.0	10456.02	11394.0	2827.427	7692.0	1986.2988	1.0	1.0	9364.0	2057.542	10405.0	2488.9612	
731	50831.0	10375.773	11488.0	2857.4504	7768.0	2001.7001	1.0	1.0	9427.0	2071.1562	10485.0	2510.1714	
732	50489.0	10291.245	11600.0	2890.8225	7841.0	2016.115	1.0	1.0	9489.0	2083.9285	10580.0	2534.1416	
733	50194.0	10215.598	11687.0	2918.9006	7907.0	2028.298	1.0	1.0	9540.0	2095.786	10671.0	2557.6807	
734	49889.0	10139.872	11794.0	2951.662	7965.0	2038.3087	1.0	1.0	9598.0	2108.837	10753.0	2577.5793	
735	49561.0	10059.779	11904.0	2987.2253	8031.0	2047.5092	1.0	1.0	9645.0	2118.5251	10858.0	2603.216	
736	49219.0	9977.427	12011.0	3019.456	8115.0	2061.6719	1.0	1.0	9696.0	2129.7832	10958.0	2627.9026	
737	48889.0	9899.47	12109.0	3048.72	8186.0	2073.345	1.0	1.0	9748.0	2139.4783	11067.0	2655.2388	
738	48521.0	9813.359	12222.0	3080.8787	8276.0	2089.4187	1.0	1.0	9802.0	2149.7893	11178.0	2682.8076	
739	48187.0	9732.705	12329.0	3114.7537	8359.0	2102.3665	1.0	1.0	9844.0	2158.321	11280.0	2708.0889	
740	47856.0	9655.743	12446.0	3148.041	8413.0	2110.8323	1.0	1.0	9896.0	2167.588	11388.0	2734.0405	
741	47541.0	9583.499	12560.0	3179.0847	8468.0	2120.9553	1.0	1.0	9940.0	2176.728	11490.0	2755.9834	
742	47239.0	9513.488	12651.0	3205.27	8528.0	2132.208	1.0	1.0	9991.0	2185.9172	11590.0	2779.3665	
743	46947.0	9446.256	12745.0	3232.2166	8597.0	2144.8635	1.0	1.0	10022.0	2191.4883	11688.0	2801.414	
744	46663.0	9386.25	12831.0	3253.0085	8652.0	2154.648	1.0	1.0	10057.0	2197.9634	11796.0	2824.3647	
745	46373.0	9325.094	12921.0	3276.0188	8709.0	2164.3018	1.0	1.0	10103.0	2206.2708	11893.0	2844.5518	
746	46057.0	9256.053	13009.0	3299.7773	8771.0	2175.3596	1.0	1.0	10160.0	2217.2134	12002.0	2867.836	
747	45756.0	9190.604	13104.0	3323.821	8831.0	2186.8086	1.0	1.0	10205.0	2225.1	12103.0	2889.9133	
748	45469.0	9127.406	13181.0	3344.2683	8889.0	2196.8125	1.0	1.0	10250.0	2235.423	12210.0	2912.345	
749	45182.0	9063.543	13272.0	3369.275	8949.0	2206.6743	1.0	1.0	10294.0	2245.793	12302.0	2930.9692	
750	44884.0	9003.569	13373.0	3392.5215	9021.0	2217.7117	1.0	1.0	10343.0	2256.6055	12378.0	2945.8447	
751	44575.0	8934.953	13469.0	3418.138	9091.0	2230.2292	1.0	1.0	10396.0	2268.733	12468.0	2964.204	
752	44259.0	8861.341	13567.0	3446.073	9162.0	2242.3276	1.0	1.0	10450.0	2283.2195	12561.0	2983.298	
753	43929.0	8783.431	13683.0	3478.4084	9238.0	2255.591	1.0	1.0	10495.0	2295.6475	12654.0	3003.2007	
754	43606.0	8710.751	13797.0	3509.71	9311.0	2267.4827	1.0	1.0	10542.0	2306.1467	12743.0	3022.1836	
755	43245.0	8631.135	13900.0	3536.5574	9415.0	2284.7986	1.0	1.0	10576.0	2315.3542	12863.0	3048.4297	
756	42917.0	8556.149	14000.0	3565.5784	9494.0	2297.943	1.0	1.0	10618.0	2325.4285	12970.0	3071.174	
757	42587.0	8484.134	14103.0	3595.5112	9573.0	2310.534	1.0	1.0	10652.0	2333.9814	13084.0	3092.1133	
758	42276.0	8412.803	14204.0	3625.7622	9652.0	2322.9153	1.0	1.0	10675.0	2340.0212	13192.0	3114.7761	
759	41971.0	8341.963	14296.0	3653.8635	9729.0	2337.0781	1.0	1.0	10709.0	2347.5447	13294.0	3135.826	
760	41659.0	8271.34	14400.0	3684.1133	9813.0	2351.3018	1.0	1.0	10748.0	2356.7178	13379.0	3152.7988	
761	41346.0	8205.523	14497.0	3710.148	9898.0	2364.8613	1.0	1.0	10787.0	2365.5745	13471.0	3170.1646	
762	41025.0	8134.647	14594.0	3738.98	9989.0	2379.8362	1.0	1.0	10825.0	2376.1846	13566.0	3186.6174	
763	40728.0	8068.173	14684.0	3765.3972	10071.0	2394.644	1.0	1.0	10849.0	2382.5332	13667.0	3205.5261	
764	40407.0	8000.495	14780.0	3791.8696	10154.0	2409.1055	1.0	1.0	10890.0	2392.5137	13768.0	3222.2886	
765	40091.0	7931.142	14879.0	3819.117	10236.0	2423.6594	1.0	1.0	10930.0	2403.5154	13863.0	3238.8313	
766	39785.0	7861.074	14972.0	3844.8396	10305.0	2435.5852	1.0	1.0	10988.0	2418.465	13949.0	3256.2964	
767	39447.0	7782.856	15072.0	3872.9521	10389.0	2450.6191	1.0	1.0	11036.0	2433.2095	14055.0	3276.621	
768	39103.0	7709.993	15188.0	3903.5583	10469.0	2463.2422	1.0	1.0	11087.0	2445.3206	14152.0	3294.1394	
769	38800.0	7646.0776	15280.0	3928.5486	10535.0	2473.9246	1.0	1.0	11132.0	2456.9639	14252.0	3310.742	
770	38505.0	7585.905	15365.0	3951.1875	10612.0	2485.1057	1.0	1.0	11167.0	2466.712	14350.0	3327.3396	
771	38185.0	7517.028	15480.0	3981.5508	10688.0	2496.2336	1.0	1.0	11204.0	2476.4626	14442.0	3344.9766	
772	37870.0	7452.3906	15582.0	4007.5269	10758.0	2506.5107	1.0	1.0	11249.0	2487.541	14540.0	3362.2776	
773	37600.0	7392.2227	15669.0	4031.3062	10819.0	2516.394	1.0	1.0	11295.0	2500.4587	14616.0	3375.8584	
774	37334.0	7336.724	15744.0	4050.4514	10887.0	2526.3867	1.0	1.0	11336.0	2509.8982	14698.0	3392.7822	
775	37037.0	7275.209	15836.0	4072.1177	10951.0	2535.4297	1.0	1.0	11389.0	2524.7278	14786.0	3408.757	
776	36718.0	7206.289	15938.0	4098.95	11034.0	2548.6926	1.0	1.0	11426.0	2535.9226	14883.0	3426.3857	
777	36407.0	7142.2363	16038.0	4125.054	11110.0	2559.7832	1.0	1.0	11466.0	2544.733	14978.0	3444.4343	
778	36117.0	7080.4927	16148.0	4155.925	11173.0	2568.959	1.0	1.0	11503.0	2553.2627	15058.0	3457.5986	
779	35828.0	7022.742	16234.0	4176.5117	11251.0	2580.5164	1.0	1.0	11540.0	2563.2917	15146.0	3473.1765	
780	35503.0	6951.808	16334.0	4204.7573	11324.0	2591.482	1.0	1.0	11583.0	2574.6565	15255.0	3493.5308	
781	35222.0	6891.101	16418.0	4229.1	11387.0	2601.3044	1.0	1.0	11614.0	2583.4106	15358.0	3511.316	
782	34918.0	6827.3735	16530.0	4260.2124	11440.0	2609.0251	1.0	1.0	11640.0	2590.0725	15471.0	3529.549	
783	34621.0	6763.945	16631.0	4288.123	11504.0	2619.9756	1.0	1.0	11666.0	2596.4785	15577.0	3547.7212	
784	34291.0	6692.391	16751.0	4323.6006	11579.0	2632.4807	1.0	1.0	11695.0	2601.7988	15683.0	3565.9795	
785	33976.0	6629.21	16866.0	4354.0874	11635.0	2640.5125	1.0	1.0	11729.0	2607.432	15793.0	3585.0093	
786	33689.0	6568.995	16978.0	4384.823	11693.0	2649.8345	1.0	1.0	11752.0	2612.31	15887.0	3600.2886	
787	33369.0	6499.6626	17099.0	4419.2793	11762.0	2661.645	1.0	1.0	11788.0	2619.1467	15981.0	3616.5117	
788	33052.0	6434.69	17206.0	4450.2217	11830.0	2671.6135	1.0	1.0	11820.0	2624.6895	16091.0	3635.0376	
789	32720.0	6372.3545	17314.0	4478.288	11903.0	2682.132	1.0	1.0	11864.0	2632.26	16198.0	3651.2163	
790	32403.0	6307.5317	17423.0	4507.416	11984.0	2694.7769	1.0	1.0	11890.0	2637.3748	16299.0	3669.1538	
791	32074.0	6244.2734	17524.0	4533.726	12053.0	2706.255	1.0	1.0	11924.0	2642.7476	16424.0	3689.2583	
792	31777.0	6180.249	17646.0	4567.6953	12107.0	2715.8333	1.0	1.0	11956.0	2648.9258	16513.0	3703.555	
793	31454.0	6113.4165	17773.0	4601.0537	12170.0	2726.9114	1.0	1.0	11981.0	2652.1184	16621.0	3722.7573	
794	31152.0	6049.5303	17886.0	4630.36	12233.0	2739.036	1.0	1.0	12016.0	2658.7385	16712.0	3738.5986	
795	30836.0	5983.815	18006.0	4660.995	12309.0	2753.4507	1.0	1.0	12041.0	2663.6206	16807.0	3754.3806	
796	30535.0	5916.026	18125.0	4693.2144	12393.0	2770.7092	1.0	1.0	12058.0	2666.0408	16888.0	3770.28	
797	30248.0	5856.439	18223.0	4718.7915	12470.0	2786.2358	1.0	1.0	12087.0	2670.0022	16971.0	3784.8	
798	29965.0	5794.9165	18325.0	4745.3203	12551.0	2801.9297	1.0	1.0	12111.0	2673.9163	17047.0	3800.188	
799	29674.0	5735.899	18416.0	4768.4062	12634.0	2818.4106	1.0	1.0	12147.0	2679.59	17128.0	3813.9644	
800	29379.0	5672.5156	18522.0	4797.07	12726.0	2836.3638	1.0	1.0	12169.0	2683.0288	17203.0	3827.297	
801	29117.0	5615.438	18603.0	4818.286	12832.0	2859.1978	1.0	1.0	12184.0	2684.8442	17263.0	3838.5107	
802	28820.0	5554.3223	18693.0	4842.401	12930.0	2877.1052	1.0	1.0	12208.0	2688.2463	17348.0	3854.2007	
803	28542.0	5492.486	18786.0	4868.063	13006.0	2895.4224	1.0	1.0	12222.0	2690.4355	17443.0	3869.8718	
804	28266.0	5431.675	18874.0	4892.1235	13091.0	2914.3958	1.0	1.0	12241.0	2692.0662	17527.0	3886.0225	
805	28004.0	5371.2383	18973.0	4915.9487	13157.0	2932.121	1.0	1.0	12263.0	2694.987	17602.0	3901.9834	
806	27719.0	5304.6494	19063.0	4939.061	13246.0	2953.836	1.0	1.0	12278.0	2697.5972	17693.0	3921.1377	
807	27431.0	5237.3184	19151.0	4963.2124	13340.0	2975.666	1.0	1.0	12299.0	2700.5137	17778.0	3939.571	
808	27146.0	5172.0303	19235.0	4985.5723	13442.0	3000.788	1.0	1.0	12302.0	2699.9546	17874.0	3957.937	
809	26888.0	5113.808	19319.0	5007.4785	13514.0	3018.1362	1.0	1.0	12327.0	2703.0073	17951.0	3973.8567	
810	26609.0	5050.9883	19404.0	5029.1343	13597.0	3037.6887	1.0	1.0	12350.0	2706.364	18039.0	3992.1145	
811	26373.0	4993.1807	19484.0	5051.48	13666.0	3055.0247	1.0	1.0	12364.0	2707.2961	18112.0	4009.3125	
812	26125.0	4936.7124	19558.0	5069.9346	13749.0	3075.5046	1.0	1.0	12380.0	2708.312	18187.0	4025.824	
813	25890.0	4881.0127	19627.0	5086.826	13823.0	3091.7874	1.0	1.0	12383.0	2709.7134	18276.0	4046.9456	
814	25646.0	4826.2207	19707.0	5108.2676	13902.0	3106.841	1.0	1.0	12391.0	2709.5178	18353.0	4065.4375	
815	25403.0	4771.4526	19774.0	5125.7744	13988.0	3124.9746	1.0	1.0	12400.0	2710.2068	18434.0	4083.8772	
816	25159.0	4717.2026	19839.0	5144.3027	14073.0	3141.8733	1.0	1.0	12410.0	2712.039	18518.0	4100.8696	
817	24933.0	4668.927	19918.0	5165.8496	14141.0	3153.849	1.0	1.0	12416.0	2711.2197	18591.0	4116.437	
818	24694.0	4619.1597	19994.0	5186.1665	14212.0	3166.2346	1.0	1.0	12412.0	2709.9648	18687.0	4134.7544	
819	24448.0	4569.293	20071.0	5204.9297	14279.0	3178.7378	1.0	1.0	12412.0	2708.3298	18789.0	4154.985	
820	24220.0	4521.576	20144.0	5222.4272	14346.0	3191.3726	1.0	1.0	12411.0	2708.0776	18878.0	4172.8237	
821	24013.0	4478.1523	20215.0	5241.127	14391.0	3198.8613	1.0	1.0	12397.0	2705.2249	18983.0	4192.9204	
822	23789.0	4434.05	20287.0	5258.994	14441.0	3206.4434	1.0	1.0	12379.0	2701.5635	19103.0	4215.2397	
823	23572.0	4390.3022	20369.0	5278.1323	14476.0	3213.083	1.0	1.0	12366.0	2699.2876	19216.0	4235.491	
824	23321.0	4340.742	20469.0	5300.7305	14529.0	3223.7266	1.0	1.0	12348.0	2695.1707	19332.0	4255.9263	
825	23076.0	4288.9087	20562.0	5324.2334	14582.0	3233.652	1.0	1.0	12340.0	2693.7856	19439.0	4275.7144	
826	22827.0	4240.6006	20656.0	5347.9717	14632.0	3243.157	1.0	1.0	12312.0	2686.283	19572.0	4298.2744	
827	22584.0	4193.7935	20743.0	5369.0215	14686.0	3253.3	1.0	1.0	12283.0	2678.8003	19703.0	4321.3813	
828	22314.0	4141.375	20847.0	5393.316	14739.0	3264.8162	1.0	1.0	12266.0	2674.9631	19833.0	4341.8296	
829	22102.0	4096.373	20932.0	5414.7617	14779.0	3273.351	1.0	1.0	12242.0	2670.737	19944.0	4361.0728	
830	21851.0	4047.4404	21028.0	5436.193	14830.0	3284.4954	1.0	1.0	12219.0	2665.8982	20071.0	4382.271	
831	21615.0	4003.4888	21125.0	5457.2974	14880.0	3295.4468	1.0	1.0	12194.0	2660.2515	20185.0	4399.8154	
832	21385.0	3960.533	21206.0	5476.2437	14938.0	3306.812	1.0	1.0	12164.0	2653.902	20306.0	4418.8105	
833	21165.0	3918.9272	21306.0	5498.8086	14980.0	3314.7715	1.0	1.0	12143.0	2650.1365	20405.0	4433.6587	
834	20959.0	3881.872	21389.0	5517.555	15030.0	3325.982	1.0	1.0	12103.0	2640.2239	20518.0	4450.6714	
835	20747.0	3846.9255	21467.0	5533.048	15090.0	3336.3457	1.0	1.0	12073.0	2633.309	20622.0	4466.6743	
836	20527.0	3807.2695	21551.0	5551.866	15144.0	3344.9983	1.0	1.0	12048.0	2627.1606	20729.0	4485.0073	
837	20304.0	3766.589	21657.0	5574.7104	15185.0	3352.9158	1.0	1.0	12014.0	2619.7566	20839.0	4502.328	
838	20100.0	3729.4438	21743.0	5594.1846	15229.0	3359.883	1.0	1.0	11980.0	2611.5276	20947.0	4521.2573	
839	19913.0	3693.234	21819.0	5611.4688	15279.0	3369.3857	1.0	1.0	11946.0	2604.4224	21042.0	4537.7837	
840	19704.0	3653.4675	21908.0	5631.9497	15308.0	3376.139	1.0	1.0	11913.0	2596.7664	21166.0	4557.9707	
841	19520.0	3618.7776	21986.0	5650.525	15343.0	3383.0718	1.0	1.0	11864.0	2586.0764	21286.0	4577.8438	
842	19342.0	3583.5396	22056.0	5667.049	15381.0	3390.6816	1.0	1.0	11820.0	2577.094	21400.0	4597.928	
843	19172.0	3551.1245	22137.0	5685.45	15418.0	3398.287	1.0	1.0	11765.0	2564.6724	21507.0	4616.761	
844	18976.0	3515.7976	22217.0	5703.9297	15460.0	3405.6797	1.0	1.0	11713.0	2552.5627	21633.0	4638.3296	
845	18799.0	3481.1733	22279.0	5719.079	15501.0	3412.9958	1.0	1.0	11681.0	2545.326	21739.0	4657.725	
846	18608.0	3445.5366	22357.0	5738.317	15543.0	3420.6936	1.0	1.0	11637.0	2535.8252	21854.0	4675.929	
847	18421.0	3411.7222	22444.0	5757.6797	15582.0	3427.7266	1.0	1.0	11589.0	2525.5627	21963.0	4693.61	
848	18249.0	3380.4028	22517.0	5775.5796	15613.0	3432.783	1.0	1.0	11545.0	2514.901	22075.0	4712.6343	
849	18099.0	3353.572	22580.0	5791.7505	15642.0	3437.3723	1.0	1.0	11482.0	2500.5288	22196.0	4733.0747	
850	17932.0	3323.5432	22657.0	5810.319	15672.0	3441.6968	1.0	1.0	11418.0	2485.152	22320.0	4755.5835	
851	17768.0	3293.018	22728.0	5826.8677	15705.0	3447.6692	1.0	1.0	11360.0	2470.935	22438.0	4777.804	
852	17598.0	3264.4067	22795.0	5842.728	15732.0	3451.8738	1.0	1.0	11304.0	2457.1025	22570.0	4800.1846	
853	17437.0	3236.1729	22863.0	5858.912	15762.0	3456.1792	1.0	1.0	11249.0	2444.7537	22688.0	4820.2827	
854	17283.0	3209.2617	22945.0	5878.314	15792.0	3462.1833	1.0	1.0	11180.0	2427.2317	22799.0	4839.3135	
855	17115.0	3179.9539	23020.0	5897.3115	15824.0	3467.4902	1.0	1.0	11103.0	2408.6128	22937.0	4862.9375	
856	16937.0	3148.8135	23112.0	5920.255	15859.0	3472.6475	1.0	1.0	11039.0	2392.6943	23052.0	4881.9004	
857	16754.0	3116.6335	23208.0	5941.5957	15881.0	3476.8591	1.0	1.0	10977.0	2377.3818	23179.0	4903.843	
858	16591.0	3087.8726	23305.0	5964.691	15911.0	3481.3877	1.0	1.0	10913.0	2360.7207	23279.0	4921.6426	
859	16415.0	3056.745	23396.0	5987.495	15947.0	3487.1238	1.0	1.0	10850.0	2343.8958	23391.0	4941.06	
860	16240.0	3024.893	23482.0	6008.555	15986.0	3494.0461	1.0	1.0	10792.0	2328.003	23499.0	4960.8228	
861	16078.0	2996.3132	23578.0	6032.432	16019.0	3499.8447	1.0	1.0	10727.0	2310.0862	23597.0	4977.6465	
862	15928.0	2968.396	23671.0	6057.131	16040.0	3503.5308	1.0	1.0	10660.0	2292.2388	23700.0	4995.0254	
863	15754.0	2936.9988	23767.0	6081.254	16059.0	3505.8752	1.0	1.0	10606.0	2276.791	23813.0	5015.4023	
864	15575.0	2902.245	23874.0	6107.0254	16071.0	3508.1484	1.0	1.0	10540.0	2260.3093	23939.0	5038.5986	
865	15410.0	2868.7144	23978.0	6134.763	16079.0	3509.0933	1.0	1.0	10486.0	2245.1108	24046.0	5058.644	
866	15221.0	2831.931	24095.0	6164.242	16101.0	3512.8137	1.0	1.0	10415.0	2225.2354	24167.0	5082.1006	
867	15029.0	2790.5447	24217.0	6196.5864	16121.0	3515.8271	1.0	1.0	10346.0	2207.1125	24286.0	5106.2505	
868	14859.0	2758.2773	24312.0	6219.772	16147.0	3520.3481	1.0	1.0	10265.0	2185.7864	24416.0	5132.142	
869	14669.0	2717.393	24430.0	6250.2954	16171.0	3524.1191	1.0	1.0	10194.0	2167.6257	24535.0	5156.892	
870	14502.0	2684.0835	24536.0	6276.9424	16188.0	3527.022	1.0	1.0	10117.0	2146.3213	24656.0	5181.957	
871	14344.0	2653.4429	24645.0	6305.16	16202.0	3528.8997	1.0	1.0	10041.0	2125.4282	24767.0	5203.3926	
872	14193.0	2621.3384	24755.0	6334.2305	16210.0	3530.6687	1.0	1.0	9951.0	2101.0095	24890.0	5229.0757	
873	14048.0	2592.821	24875.0	6363.9365	16209.0	3529.8132	1.0	1.0	9873.0	2078.2583	24994.0	5251.4907	
874	13917.0	2565.7522	24976.0	6390.61	16216.0	3529.7607	1.0	1.0	9786.0	2054.0874	25104.0	5276.1094	
875	13765.0	2534.46	25094.0	6420.1904	16221.0	3529.6028	1.0	1.0	9712.0	2034.1683	25207.0	5297.896	
876	13612.0	2504.649	25233.0	6455.867	16211.0	3527.2197	1.0	1.0	9621.0	2008.8597	25322.0	5319.7163	
877	13487.0	2480.9197	25365.0	6487.845	16181.0	3520.4033	1.0	1.0	9540.0	1986.7646	25426.0	5340.375	
878	13356.0	2454.8416	25489.0	6518.4023	16177.0	3518.9	1.0	1.0	9437.0	1957.7836	25540.0	5366.381	
879	13201.0	2425.2502	25621.0	6551.6016	16171.0	3516.579	1.0	1.0	9335.0	1926.5703	25671.0	5396.303	
880	13064.0	2398.3315	25762.0	6585.2847	16143.0	3510.515	1.0	1.0	9224.0	1896.0447	25806.0	5426.1304	
881	12937.0	2373.346	25909.0	6619.068	16114.0	3503.8623	1.0	1.0	9101.0	1863.198	25938.0	5456.8325	
882	12796.0	2345.3594	26062.0	6654.707	16084.0	3497.1406	1.0	1.0	8990.0	1830.9645	26067.0	5488.1353	
883	12670.0	2320.6526	26204.0	6687.8096	16058.0	3492.1848	1.0	1.0	8856.0	1794.1313	26211.0	5521.5283	
884	12545.0	2296.6545	26312.0	6714.261	16041.0	3488.3801	1.0	1.0	8735.0	1760.8765	26366.0	5556.1313	
885	12414.0	2272.4814	26460.0	6746.797	16007.0	3480.7156	1.0	1.0	8608.0	1726.2662	26510.0	5590.0415	
886	12291.0	2248.4565	26592.0	6775.865	15977.0	3474.5002	1.0	1.0	8479.0	1692.3512	26660.0	5625.1294	
887	12141.0	2218.5408	26742.0	6809.384	15957.0	3469.7834	1.0	1.0	8360.0	1661.1534	26799.0	5657.443	
888	12013.0	2193.2058	26881.0	6840.125	15930.0	3463.3594	1.0	1.0	8240.0	1630.0149	26935.0	5689.604	
889	11900.0	2171.653	27021.0	6868.815	15887.0	3455.0068	1.0	1.0	8135.0	1600.873	27056.0	5719.957	
890	11765.0	2146.186	27173.0	6900.3965	15855.0	3448.1228	1.0	1.0	8004.0	1567.4697	27202.0	5754.13	
891	11653.0	2124.2446	27304.0	6926.3438	15813.0	3440.524	1.0	1.0	7898.0	1540.1044	27331.0	5785.085	
892	11536.0	2102.444	27437.0	6954.864	15769.0	3430.9841	1.0	1.0	7780.0	1510.6605	27477.0	5817.3477	
893	11416.0	2079.9062	27582.0	6983.5327	15723.0	3422.3035	1.0	1.0	7649.0	1478.795	27629.0	5851.7637	
894	11297.0	2058.3198	27731.0	7012.058	15681.0	3414.6438	1.0	1.0	7527.0	1449.3965	27763.0	5881.8794	
895	11176.0	2035.4088	27873.0	7039.548	15637.0	3405.8372	1.0	1.0	7430.0	1426.741	27883.0	5908.7627	
896	11056.0	2011.362	28030.0	7070.8315	15589.0	3397.3357	1.0	1.0	7316.0	1398.8214	28008.0	5937.9443	
897	10940.0	1987.8654	28175.0	7098.802	15541.0	3389.4739	1.0	1.0	7212.0	1373.4846	28131.0	5966.667	
898	10809.0	1962.3066	28319.0	7127.261	15496.0	3381.6064	1.0	1.0	7108.0	1348.7281	28267.0	5996.3887	
899	10705.0	1942.6168	28450.0	7152.9663	15454.0	3374.0623	1.0	1.0	7008.0	1325.8604	28382.0	6020.7837	
900	10585.0	1921.9644	28593.0	7179.866	15416.0	3366.653	1.0	1.0	6913.0	1304.8463	28492.0	6042.9565	
901	10460.0	1900.259	28755.0	7209.6055	15360.0	3356.1248	1.0	1.0	6801.0	1279.9629	28623.0	6070.332	
902	10353.0	1881.1777	28910.0	7236.8613	15311.0	3347.47	1.0	1.0	6685.0	1255.9995	28740.0	6094.7744	
903	10249.0	1862.7452	29043.0	7259.9546	15275.0	3340.4932	1.0	1.0	6563.0	1231.0697	28869.0	6122.026	
904	10140.0	1843.2949	29178.0	7284.708	15234.0	3333.5767	1.0	1.0	6431.0	1204.4327	29016.0	6150.278	
905	10042.0	1824.3966	29306.0	7309.7104	15194.0	3326.1118	1.0	1.0	6298.0	1177.5845	29159.0	6178.487	
906	9944.0	1804.3785	29446.0	7338.6885	15146.0	3315.6453	1.0	1.0	6182.0	1154.852	29281.0	6202.7207	
907	9848.0	1784.8729	29582.0	7364.257	15100.0	3307.6758	1.0	1.0	6058.0	1131.2091	29411.0	6228.266	
908	9726.0	1763.6681	29735.0	7390.6406	15057.0	3300.5537	1.0	1.0	5915.0	1105.1365	29566.0	6256.287	
909	9629.0	1746.263	29881.0	7417.3457	15007.0	3291.3823	1.0	1.0	5782.0	1081.3959	29700.0	6279.901	
910	9535.0	1730.9235	30023.0	7440.4644	14967.0	3284.3594	1.0	1.0	5637.0	1056.393	29837.0	6304.146	
911	9431.0	1710.5566	30166.0	7465.466	14923.0	3277.1995	1.0	1.0	5477.0	1030.296	30002.0	6332.7695	
912	9356.0	1696.4154	30307.0	7490.8506	14861.0	3265.908	1.0	1.0	5301.0	1002.2653	30174.0	6360.848	
913	9259.0	1678.5741	30445.0	7514.232	14821.0	3259.329	1.0	1.0	5130.0	976.76385	30344.0	6387.383	
914	9157.0	1660.2872	30592.0	7539.5986	14781.0	3254.38	1.0	1.0	4960.0	952.3625	30509.0	6409.6587	
915	9063.0	1642.5632	30736.0	7563.406	14728.0	3246.7856	1.0	1.0	4801.0	930.7447	30671.0	6432.7886	
916	8970.0	1625.4167	30882.0	7590.917	14692.0	3240.3123	1.0	1.0	4638.0	908.5726	30817.0	6451.069	
917	8892.0	1610.4371	31027.0	7617.6733	14643.0	3231.7512	1.0	1.0	4476.0	888.2311	30961.0	6468.191	
918	8821.0	1597.8627	31156.0	7640.717	14587.0	3222.1567	1.0	1.0	4317.0	866.65894	31118.0	6488.8906	
919	8730.0	1580.8661	31281.0	7663.3145	14547.0	3214.8972	1.0	1.0	4182.0	849.1792	31259.0	6508.0312	
920	8630.0	1560.9607	31421.0	7690.932	14508.0	3208.3267	1.0	1.0	4024.0	828.15027	31416.0	6527.921	
921	8550.0	1544.7539	31540.0	7715.8145	14477.0	3203.9807	1.0	1.0	3874.0	804.39795	31558.0	6547.343	
922	8466.0	1529.5857	31664.0	7742.4766	14439.0	3196.717	1.0	1.0	3734.0	781.62665	31696.0	6565.881	
923	8390.0	1514.048	31782.0	7768.282	14404.0	3190.611	1.0	1.0	3593.0	759.12286	31830.0	6584.218	
924	8307.0	1499.3875	31917.0	7797.562	14363.0	3184.244	1.0	1.0	3460.0	733.65204	31952.0	6601.438	
925	8244.0	1488.1033	32048.0	7824.7334	14311.0	3174.953	1.0	1.0	3318.0	709.6413	32078.0	6618.8555	
926	8158.0	1471.6725	32173.0	7853.8022	14276.0	3168.4385	1.0	1.0	3178.0	683.6998	32214.0	6638.677	
927	8092.0	1457.8127	32297.0	7881.029	14223.0	3158.6262	1.0	1.0	3026.0	658.8698	32361.0	6659.9507	
928	8007.0	1441.2566	32418.0	7908.8755	14181.0	3150.5356	1.0	1.0	2903.0	639.0327	32490.0	6676.5864	
929	7931.0	1426.7871	32543.0	7935.726	14138.0	3143.078	1.0	1.0	2790.0	619.12866	32597.0	6691.5664	
930	7860.0	1415.1421	32670.0	7961.41	14083.0	3134.8806	1.0	1.0	2680.0	598.14966	32706.0	6706.7036	
931	7789.0	1400.8876	32800.0	7990.638	14030.0	3125.6177	1.0	1.0	2558.0	572.87866	32822.0	6726.266	
932	7720.0	1388.3412	32920.0	8016.563	13983.0	3116.9724	1.0	1.0	2433.0	550.32623	32943.0	6744.0806	
933	7653.0	1375.7	33045.0	8044.1167	13932.0	3107.7556	1.0	1.0	2310.0	527.89514	33059.0	6760.817	
934	7587.0	1362.2456	33162.0	8068.702	13883.0	3099.9932	1.0	1.0	2199.0	509.07074	33168.0	6776.271	
935	7511.0	1348.3347	33270.0	8093.052	13838.0	3090.9944	1.0	1.0	2083.0	488.7543	33297.0	6795.1455	
936	7438.0	1335.8442	33400.0	8121.279	13775.0	3078.8684	1.0	1.0	1975.0	468.3149	33411.0	6811.9717	
937	7363.0	1322.2063	33510.0	8147.0566	13727.0	3069.8875	1.0	1.0	1867.0	447.41986	33532.0	6829.713	
938	7311.0	1313.7439	33619.0	8173.554	13678.0	3058.7446	1.0	1.0	1757.0	427.00238	33634.0	6843.2407	
939	7245.0	1301.8396	33750.0	8202.726	13608.0	3044.8616	1.0	1.0	1642.0	405.1393	33754.0	6861.7197	
940	7157.0	1285.6205	33890.0	8233.8955	13546.0	3033.2988	1.0	1.0	1539.0	384.2569	33867.0	6879.214	
941	7101.0	1271.456	34000.0	8260.541	13485.0	3021.5479	1.0	1.0	1440.0	366.65958	33973.0	6896.0815	
942	7039.0	1261.0228	34113.0	8284.239	13429.0	3011.3594	1.0	1.0	1348.0	347.54147	34070.0	6912.123	
943	6975.0	1249.187	34230.0	8307.657	13367.0	3000.6006	1.0	1.0	1261.0	330.704	34166.0	6928.1387	
944	6901.0	1233.9708	34356.0	8335.881	13301.0	2987.19	1.0	1.0	1178.0	313.8633	34263.0	6945.3755	
945	6843.0	1221.615	34477.0	8362.895	13236.0	2975.0146	1.0	1.0	1078.0	293.32004	34365.0	6963.4336	
946	6779.0	1211.5034	34600.0	8387.676	13163.0	2961.4949	1.0	1.0	1005.0	278.01242	34452.0	6977.601	
947	6720.0	1199.7855	34699.0	8408.527	13111.0	2951.395	1.0	1.0	923.0	260.38425	34546.0	6996.1943	
948	6654.0	1188.595	34811.0	8430.813	13051.0	2940.3357	1.0	1.0	838.0	241.36118	34645.0	7015.1816	
949	6589.0	1176.5471	34939.0	8456.633	12975.0	2926.0054	1.0	1.0	757.0	224.42236	34739.0	7032.6743	
950	6529.0	1165.7864	35048.0	8478.115	12913.0	2913.902	1.0	1.0	686.0	207.37982	34823.0	7051.095	
951	6452.0	1153.1897	35177.0	8503.383	12835.0	2899.3765	1.0	1.0	614.0	190.27351	34921.0	7070.053	
952	6412.0	1146.6542	35282.0	8524.663	12762.0	2885.1736	1.0	1.0	521.0	168.29698	35022.0	7091.4956	
953	6355.0	1135.5939	35388.0	8546.262	12696.0	2872.6704	1.0	1.0	451.0	149.20142	35109.0	7112.553	
954	6310.0	1127.6638	35504.0	8567.201	12613.0	2858.565	1.0	1.0	372.0	127.745476	35200.0	7135.114	
955	6237.0	1115.4854	35622.0	8590.481	12545.0	2845.4639	1.0	1.0	295.0	105.18475	35300.0	7159.6787	
956	6177.0	1103.088	35741.0	8613.547	12464.0	2831.1672	1.0	1.0	228.0	85.34862	35389.0	7183.134	
957	6114.0	1091.7914	35867.0	8638.805	12383.0	2814.919	1.0	1.0	175.0	67.18349	35460.0	7203.5923	
958	6046.0	1078.1039	35983.0	8663.456	12316.0	2801.7239	1.0	1.0	134.0	52.423767	35520.0	7220.584	
959	5982.0	1068.5548	36100.0	8687.412	12241.0	2785.2932	1.0	1.0	92.0	37.031906	35584.0	7237.9956	
960	5923.0	1058.149	36207.0	8708.359	12173.0	2772.6487	1.0	1.0	75.0	29.689577	35621.0	7247.4404	
961	5864.0	1048.0433	36307.0	8726.282	12111.0	2761.8228	1.0	1.0	57.0	21.995907	35660.0	7258.148	
962	5812.0	1039.3167	36416.0	8748.353	12043.0	2747.433	1.0	1.0	41.0	15.229542	35687.0	7265.961	
963	5747.0	1028.1879	36552.0	8775.888	11958.0	2729.059	1.0	1.0	30.0	11.71514	35712.0	7271.439	
964	5698.0	1019.77795	36674.0	8800.717	11876.0	2711.7756	1.0	1.0	23.0	9.516259	35728.0	7274.507	
965	5650.0	1012.5348	36796.0	8826.094	11792.0	2693.729	1.0	1.0	15.0	6.731875	35746.0	7277.2134	
966	5601.0	1005.17615	36928.0	8852.231	11701.0	2674.777	1.0	1.0	9.0	4.7307234	35760.0	7279.3843	
967	5547.0	994.7977	37051.0	8875.6	11616.0	2658.7043	1.0	1.0	7.0	3.8645184	35778.0	7283.34	
968	5490.0	984.0293	37191.0	8903.995	11516.0	2639.0608	1.0	1.0	6.0	3.3864517	35796.0	7285.829	
969	5438.0	974.69214	37342.0	8939.337	11399.0	2611.2214	1.0	1.0	2.0	1.4633443	35818.0	7289.5874	
970	5394.0	967.57306	37484.0	8971.033	11282.0	2583.9644	1.0	1.0	2.0	1.4633443	35837.0	7292.2656	
971	5343.0	958.1673	37638.0	9004.312	11157.0	2556.1633	1.0	1.0	2.0	1.4633443	35859.0	7296.188	
972	5279.0	947.17267	37817.0	9042.904	11022.0	2526.4827	1.0	1.0	1.0	1.0	35880.0	7298.7354	
973	5226.0	936.0953	37974.0	9078.996	10897.0	2497.5247	1.0	1.0	1.0	1.0	35901.0	7302.678	
974	5178.0	927.5087	38130.0	9113.43	10777.0	2470.2817	1.0	1.0	1.0	1.0	35913.0	7304.0703	
975	5134.0	919.54395	38261.0	9143.24	10667.0	2445.03	1.0	1.0	1.0	1.0	35936.0	7307.466	
976	5090.0	912.0852	38428.0	9179.972	10528.0	2413.1592	1.0	1.0	1.0	1.0	35952.0	7310.0615	
977	5044.0	902.99915	38569.0	9211.453	10413.0	2387.1833	1.0	1.0	1.0	1.0	35972.0	7313.6396	
978	4998.0	894.54565	38722.0	9245.434	10286.0	2358.4268	1.0	1.0	1.0	1.0	35992.0	7316.8677	
979	4960.0	886.5238	38903.0	9285.113	10132.0	2325.2314	1.0	1.0	1.0	1.0	36003.0	7318.406	
980	4906.0	877.2354	39073.0	9323.267	9997.0	2294.1733	1.0	1.0	1.0	1.0	36022.0	7320.606	
981	4860.0	870.1128	39228.0	9355.778	9869.0	2265.6338	1.0	1.0	1.0	1.0	36041.0	7323.75	
982	4816.0	861.3284	39380.0	9390.596	9748.0	2237.1797	1.0	1.0	1.0	1.0	36054.0	7326.167	
983	4764.0	851.0401	39530.0	9425.348	9636.0	2210.5535	1.0	1.0	1.0	1.0	36068.0	7328.3247	
984	4715.0	841.4537	39675.0	9459.219	9519.0	2183.0698	1.0	1.0	1.0	1.0	36089.0	7331.526	
985	4664.0	833.02185	39834.0	9495.287	9397.0	2153.6694	1.0	1.0	1.0	1.0	36103.0	7333.2866	
986	4623.0	825.574	39969.0	9526.486	9287.0	2127.6472	1.0	1.0	1.0	1.0	36119.0	7335.5586	
987	4579.0	817.685	40114.0	9556.673	9172.0	2102.833	1.0	1.0	1.0	1.0	36133.0	7338.075	
988	4546.0	812.50635	40251.0	9586.561	9049.0	2075.5051	1.0	1.0	1.0	1.0	36152.0	7340.6924	
989	4508.0	806.69586	40396.0	9619.54	8922.0	2045.4872	1.0	1.0	1.0	1.0	36172.0	7343.544	
990	4454.0	797.71735	40552.0	9654.376	8802.0	2017.1077	1.0	1.0	1.0	1.0	36190.0	7346.0703	
991	4414.0	790.96796	40683.0	9684.297	8691.0	1991.032	1.0	1.0	1.0	1.0	36210.0	7348.978	
992	4375.0	783.40076	40841.0	9720.29	8554.0	1959.5464	1.0	1.0	1.0	1.0	36228.0	7352.0425	
993	4330.0	777.26825	40977.0	9750.658	8441.0	1933.0073	1.0	1.0	1.0	1.0	36250.0	7354.3457	
994	4274.0	767.24304	41116.0	9782.312	8328.0	1906.5828	1.0	1.0	1.0	1.0	36280.0	7359.143	
995	4238.0	760.5283	41230.0	9805.978	8239.0	1887.4911	1.0	1.0	1.0	1.0	36291.0	7361.286	
