SIMULATION PARAMETERS:
n = 225
m = 400
k = 1
p = 5
recruit_likeliness = 0.01
defeat_likeliness = 0.5
starting_control = 100
resource_noise_scale = 0.033333335

SIMULATION DATA:
t	NATION -1 SIZE	NATION -1 RESOURCES	NATION 0 SIZE	NATION 0 RESOURCES	NATION 1 SIZE	NATION 1 RESOURCES	NATION 2 SIZE	NATION 2 RESOURCES	NATION 3 SIZE	NATION 3 RESOURCES	NATION 4 SIZE	NATION 4 RESOURCES	
0	0.0	0.0	0.0	0.0	0.0	0.0	0.0	0.0	0.0	0.0	0.0	0.0	
59	89995.0	19812.127	1.0	1.0	1.0	1.0	1.0	1.0	1.0	1.0	1.0	1.0	
60	89994.0	19811.818	1.0	1.0	2.0	1.3098661	1.0	1.0	1.0	1.0	1.0	1.0	
61	89992.0	19811.166	1.0	1.0	4.0	1.9631732	1.0	1.0	1.0	1.0	1.0	1.0	
62	89987.0	19809.693	1.0	1.0	7.0	2.922045	2.0	1.1337299	1.0	1.0	2.0	1.3805124	
63	89977.0	19806.35	1.0	1.0	14.0	5.2925014	2.0	1.1337299	2.0	1.1634756	4.0	2.1890936	
64	89970.0	19804.123	1.0	1.0	17.0	6.1610193	2.0	1.1337299	3.0	1.3223962	7.0	3.3888135	
65	89955.0	19799.393	1.0	1.0	22.0	7.8804913	3.0	1.2703011	6.0	1.8081328	13.0	5.772617	
66	89939.0	19793.834	1.0	1.0	29.0	10.3543005	5.0	1.5425758	6.0	1.8081328	20.0	8.582905	
67	89912.0	19785.516	1.0	1.0	41.0	14.511087	10.0	2.1989439	8.0	2.1000662	28.0	11.802847	
68	89886.0	19777.76	1.0	1.0	51.0	17.75883	16.0	2.9974837	10.0	2.411671	36.0	15.20277	
69	89858.0	19769.752	1.0	1.0	59.0	20.400333	24.0	4.0652585	13.0	2.8493974	45.0	19.059723	
70	89825.0	19759.682	1.0	1.0	67.0	23.056997	34.0	5.406305	14.0	3.0014439	59.0	24.980955	
71	89790.0	19749.494	1.0	1.0	80.0	27.261591	40.0	6.1998324	19.0	3.7278616	70.0	29.435587	
72	89748.0	19737.432	1.0	1.0	93.0	31.392052	48.0	7.2454767	25.0	4.614612	85.0	35.432964	
73	89716.0	19728.117	1.0	1.0	104.0	35.082615	53.0	7.961483	30.0	5.342004	96.0	39.61401	
74	89687.0	19719.516	1.0	1.0	114.0	39.07996	60.0	8.834946	33.0	5.801364	105.0	42.882263	
75	89648.0	19709.135	1.0	1.0	125.0	42.980152	68.0	9.861414	40.0	6.8407345	118.0	47.303856	
76	89623.0	19703.045	2.0	1.1220008	132.0	45.307922	77.0	11.029479	41.0	7.006543	125.0	49.608356	
77	89591.0	19694.664	3.0	1.2474389	145.0	49.38117	86.0	12.41155	43.0	7.3343344	132.0	52.078632	
78	89553.0	19685.275	4.0	1.3824561	151.0	51.402676	102.0	14.811172	47.0	8.151545	143.0	56.088535	
79	89517.0	19676.305	8.0	1.9331204	158.0	53.695015	114.0	16.715778	51.0	8.965259	152.0	59.496136	
80	89469.0	19663.322	9.0	2.0671632	169.0	57.513138	131.0	19.551218	55.0	9.830664	167.0	64.83267	
81	89408.0	19646.154	11.0	2.3545113	178.0	60.487495	149.0	22.357203	59.0	10.681248	195.0	75.07979	
82	89352.0	19630.713	17.0	3.2154994	186.0	63.107903	161.0	24.534794	65.0	12.073754	219.0	83.46805	
83	89295.0	19615.146	26.0	4.5051584	193.0	65.46667	173.0	27.227125	73.0	13.931349	240.0	90.822556	
84	89241.0	19599.543	32.0	5.343406	197.0	66.799	181.0	29.216026	82.0	15.994353	267.0	100.219376	
85	89183.0	19583.76	43.0	6.8420844	206.0	69.74798	191.0	31.746725	88.0	17.20003	289.0	107.82274	
86	89132.0	19570.906	53.0	8.201185	216.0	72.893074	198.0	32.70053	93.0	18.215635	308.0	114.20364	
87	89086.0	19558.787	58.0	8.882552	224.0	75.268486	210.0	34.92826	98.0	19.294744	324.0	119.94977	
88	89036.0	19546.13	64.0	9.6614685	231.0	77.38565	222.0	37.517773	104.0	20.63888	343.0	125.77304	
89	88984.0	19533.48	73.0	10.816948	240.0	79.89612	233.0	39.339775	110.0	22.04199	360.0	131.53183	
90	88936.0	19520.406	79.0	11.560572	247.0	82.005066	242.0	41.169033	118.0	23.797876	378.0	138.16664	
91	88877.0	19503.922	85.0	12.313721	261.0	86.212265	254.0	43.36292	126.0	25.551468	397.0	145.74507	
92	88816.0	19488.965	95.0	13.623223	269.0	88.6597	262.0	44.99792	139.0	28.260077	419.0	152.60826	
93	88758.0	19474.744	104.0	14.810211	277.0	91.09712	275.0	47.655758	150.0	30.472971	436.0	158.32597	
94	88690.0	19455.701	113.0	16.083456	286.0	93.89841	287.0	49.70182	155.0	31.459394	469.0	170.26373	
95	88625.0	19438.25	123.0	17.537245	299.0	98.09518	294.0	50.78638	162.0	32.816605	497.0	179.61574	
96	88545.0	19418.037	135.0	19.24924	313.0	102.182816	312.0	53.56864	169.0	34.239727	526.0	189.83012	
97	88484.0	19400.76	143.0	20.308163	325.0	105.52127	323.0	55.353054	173.0	34.961132	552.0	200.20355	
98	88387.0	19375.736	161.0	22.733831	341.0	110.039856	337.0	57.778286	186.0	37.426025	588.0	213.40732	
99	88292.0	19349.293	173.0	24.401215	360.0	115.3552	348.0	60.332195	196.0	39.273315	631.0	228.47313	
100	88186.0	19317.63	184.0	26.090546	378.0	120.229416	363.0	64.45174	209.0	41.809235	680.0	246.91978	
101	88082.0	19288.174	200.0	28.643492	391.0	123.81566	382.0	69.833015	224.0	44.589966	721.0	262.07635	
102	87953.0	19253.51	215.0	30.676203	414.0	129.56407	397.0	73.83244	246.0	48.726223	775.0	280.8262	
103	87838.0	19222.281	226.0	32.541054	436.0	135.32611	413.0	77.42234	259.0	51.234432	828.0	298.33032	
104	87726.0	19191.229	242.0	35.223476	450.0	139.07452	434.0	83.72851	273.0	53.700817	875.0	314.18668	
105	87617.0	19162.627	255.0	37.356575	467.0	143.32858	458.0	89.8206	283.0	55.642532	920.0	328.36517	
106	87491.0	19126.537	264.0	38.91937	486.0	148.77988	486.0	97.81654	296.0	58.086784	977.0	346.9978	
107	87339.0	19088.732	278.0	41.239094	506.0	154.42496	531.0	109.01946	310.0	61.02409	1036.0	362.7068	
108	87207.0	19054.22	289.0	43.070786	523.0	159.2273	575.0	120.0314	322.0	63.443832	1084.0	377.14893	
109	87076.0	19019.957	300.0	44.83925	540.0	163.90913	615.0	129.69876	333.0	65.80996	1136.0	392.92	
110	86949.0	18987.291	308.0	46.23254	553.0	167.70746	656.0	139.56133	349.0	69.30133	1185.0	407.04645	
111	86815.0	18950.338	315.0	47.40869	574.0	173.61923	699.0	151.38141	371.0	74.03294	1226.0	420.3749	
112	86678.0	18911.959	329.0	50.23553	595.0	179.25366	747.0	165.20917	387.0	77.70609	1264.0	432.78543	
113	86533.0	18873.896	341.0	52.698353	620.0	186.17982	797.0	177.44948	406.0	81.93996	1303.0	444.98776	
114	86401.0	18840.947	353.0	55.119526	650.0	194.68448	835.0	185.90631	427.0	86.544395	1334.0	453.95453	
115	86252.0	18802.63	363.0	57.20843	681.0	203.77606	879.0	196.17476	452.0	92.40469	1373.0	464.97055	
116	86097.0	18764.922	384.0	61.535038	706.0	210.99239	927.0	207.33417	480.0	98.800026	1406.0	473.5897	
117	85929.0	18727.623	405.0	65.47635	737.0	219.5127	984.0	217.98315	511.0	105.73452	1434.0	480.8411	
118	85755.0	18686.969	427.0	69.96142	775.0	229.43694	1031.0	227.68776	541.0	112.56938	1471.0	490.54053	
119	85598.0	18651.34	445.0	73.647194	807.0	237.92989	1076.0	236.45457	564.0	117.84861	1510.0	499.94534	
120	85444.0	18615.967	460.0	76.80611	839.0	246.62029	1116.0	244.36395	591.0	124.109886	1550.0	509.3153	
121	85267.0	18574.963	481.0	81.878746	871.0	254.73584	1168.0	255.81334	622.0	131.14008	1591.0	518.6571	
122	85091.0	18533.82	500.0	86.762726	894.0	260.68082	1220.0	267.45236	656.0	139.44643	1639.0	529.0267	
123	84916.0	18493.322	529.0	93.96928	915.0	266.0701	1268.0	277.0832	681.0	145.63354	1691.0	541.1088	
124	84731.0	18452.547	549.0	99.013466	939.0	271.33136	1325.0	288.699	700.0	150.40674	1756.0	555.17834	
125	84559.0	18414.707	563.0	102.46159	959.0	276.09573	1376.0	298.49884	728.0	157.70514	1815.0	567.7107	
126	84382.0	18376.982	581.0	106.50387	981.0	281.2644	1432.0	308.85538	757.0	165.8904	1867.0	577.69006	
127	84217.0	18341.324	601.0	111.063095	1002.0	286.17807	1475.0	317.15063	778.0	171.83264	1927.0	589.6482	
128	84053.0	18306.307	622.0	115.92702	1021.0	290.70767	1514.0	323.8413	807.0	179.73436	1983.0	600.6684	
129	83892.0	18273.2	642.0	120.296906	1042.0	295.77206	1553.0	329.22464	840.0	188.7709	2031.0	609.91956	
130	83742.0	18239.912	663.0	124.91803	1060.0	300.3121	1590.0	336.28848	870.0	197.60411	2075.0	618.134	
131	83571.0	18201.242	687.0	129.93883	1080.0	304.7492	1627.0	342.7954	909.0	209.537	2126.0	628.9019	
132	83389.0	18160.236	714.0	136.29977	1104.0	310.42084	1672.0	349.89185	954.0	223.46004	2167.0	636.8479	
133	83214.0	18120.445	741.0	142.92386	1136.0	317.27502	1705.0	354.81964	1004.0	238.28195	2200.0	643.4061	
134	83023.0	18078.795	772.0	151.13034	1174.0	326.16498	1749.0	360.90698	1037.0	248.24246	2245.0	651.91486	
135	82824.0	18032.514	804.0	159.59924	1205.0	333.81973	1789.0	366.39966	1085.0	262.92426	2293.0	661.9081	
136	82608.0	17982.957	827.0	165.72173	1238.0	342.01358	1835.0	372.79224	1136.0	279.4958	2356.0	674.1854	
137	82376.0	17928.053	851.0	172.60503	1283.0	353.15616	1877.0	378.69675	1196.0	297.59384	2417.0	687.06165	
138	82163.0	17877.703	868.0	177.7899	1309.0	359.53418	1921.0	384.6587	1265.0	318.54297	2474.0	698.9239	
139	81924.0	17821.865	904.0	187.42386	1363.0	371.7775	1958.0	389.3412	1330.0	337.92188	2521.0	708.8246	
140	81697.0	17767.963	937.0	195.622	1403.0	381.67947	1993.0	394.46814	1394.0	357.9506	2576.0	719.4587	
141	81474.0	17713.354	974.0	205.60889	1450.0	393.69287	2025.0	398.86465	1449.0	376.12482	2628.0	729.4831	
142	81232.0	17655.324	1001.0	212.57904	1507.0	408.06226	2070.0	405.38577	1514.0	397.51743	2676.0	738.2529	
143	81005.0	17599.209	1021.0	217.89238	1570.0	423.94434	2104.0	409.65408	1585.0	420.6064	2715.0	745.8139	
144	80763.0	17543.516	1052.0	225.58487	1632.0	438.76727	2133.0	413.84866	1650.0	439.8201	2770.0	755.57294	
145	80532.0	17490.365	1078.0	233.04764	1693.0	452.3996	2169.0	418.87848	1711.0	459.01126	2817.0	763.39703	
146	80275.0	17431.299	1106.0	240.88661	1762.0	468.99496	2212.0	424.7242	1781.0	480.17685	2864.0	771.0144	
147	80046.0	17381.598	1127.0	246.19868	1818.0	481.0162	2245.0	429.28177	1848.0	499.34845	2916.0	779.6517	
148	79803.0	17325.848	1145.0	251.39287	1883.0	497.4234	2278.0	433.17725	1919.0	520.94507	2972.0	788.2988	
149	79573.0	17271.2	1166.0	257.70398	1945.0	512.5227	2301.0	436.24673	1994.0	543.6203	3021.0	795.7717	
150	79316.0	17210.176	1189.0	264.98395	2006.0	528.8333	2336.0	440.16235	2073.0	568.29364	3080.0	804.6284	
151	79070.0	17149.486	1220.0	275.85352	2067.0	544.3736	2366.0	443.82687	2147.0	590.8219	3130.0	812.73926	
152	78801.0	17085.32	1244.0	284.63144	2154.0	565.4757	2399.0	447.57574	2218.0	612.6259	3184.0	821.4701	
153	78535.0	17023.46	1277.0	293.60483	2234.0	584.1548	2436.0	452.11606	2296.0	636.23193	3222.0	827.50146	
154	78275.0	16964.283	1317.0	304.86478	2304.0	599.4799	2465.0	455.33405	2362.0	656.8247	3277.0	836.28296	
155	78028.0	16909.383	1336.0	310.8242	2375.0	615.7298	2503.0	460.53717	2427.0	675.3952	3331.0	845.1758	
156	77748.0	16846.854	1366.0	319.95453	2449.0	631.0672	2538.0	465.15958	2486.0	694.5765	3413.0	859.43567	
157	77466.0	16782.291	1398.0	329.9761	2519.0	646.8335	2579.0	470.92444	2559.0	715.83966	3479.0	871.1961	
158	77146.0	16709.254	1437.0	341.69577	2593.0	661.38544	2622.0	476.83545	2629.0	739.2941	3573.0	888.60425	
159	76862.0	16643.219	1466.0	350.6612	2660.0	675.4099	2653.0	480.96207	2710.0	763.486	3649.0	903.30835	
160	76557.0	16574.86	1495.0	358.67596	2740.0	692.9068	2690.0	486.06412	2795.0	789.21106	3723.0	915.3473	
161	76217.0	16498.85	1529.0	368.26843	2818.0	709.8193	2745.0	493.498	2889.0	817.8347	3802.0	928.77606	
162	75866.0	16419.672	1569.0	380.01337	2898.0	727.45276	2792.0	499.5786	2995.0	848.44086	3880.0	941.886	
163	75513.0	16337.385	1604.0	389.70706	2961.0	741.9038	2843.0	506.66846	3117.0	885.8503	3962.0	955.5215	
164	75129.0	16249.299	1636.0	399.30304	3032.0	757.9587	2910.0	515.9038	3244.0	924.1201	4049.0	970.44354	
165	74733.0	16163.287	1672.0	409.60654	3116.0	775.4581	2985.0	526.2539	3370.0	958.6205	4124.0	983.8064	
166	74387.0	16084.888	1694.0	416.04022	3179.0	790.5647	3044.0	534.5453	3503.0	995.10864	4193.0	995.8754	
167	74054.0	16014.538	1715.0	422.03793	3247.0	804.7178	3107.0	543.7511	3612.0	1023.9047	4265.0	1008.0826	
168	73692.0	15936.164	1743.0	428.89835	3316.0	819.16693	3176.0	553.40515	3725.0	1055.7013	4348.0	1023.6949	
169	73333.0	15859.554	1757.0	433.31873	3385.0	833.7462	3254.0	563.9375	3843.0	1086.2083	4428.0	1040.2556	
170	72968.0	15779.998	1774.0	438.18045	3452.0	847.8941	3347.0	576.82635	3961.0	1120.2764	4498.0	1053.8427	
171	72584.0	15698.644	1793.0	443.65738	3520.0	861.1156	3432.0	589.8395	4071.0	1150.0323	4600.0	1073.735	
172	72250.0	15629.239	1812.0	448.56924	3601.0	877.17755	3502.0	600.2043	4168.0	1176.4066	4667.0	1085.4244	
173	71890.0	15553.204	1824.0	452.65222	3682.0	894.0325	3578.0	611.6618	4271.0	1202.8068	4755.0	1102.6497	
174	71509.0	15473.596	1837.0	457.52347	3782.0	914.87787	3661.0	624.5872	4381.0	1229.723	4830.0	1116.6998	
175	71158.0	15399.137	1849.0	461.3968	3878.0	935.7136	3734.0	636.09644	4482.0	1253.6609	4899.0	1131.0	
176	70818.0	15328.316	1868.0	467.68582	3982.0	956.2273	3800.0	647.6121	4567.0	1273.0901	4965.0	1144.0642	
177	70454.0	15251.492	1879.0	472.54782	4096.0	980.426	3872.0	659.70044	4657.0	1294.1571	5042.0	1158.6807	
178	70087.0	15172.755	1900.0	479.9224	4200.0	1002.696	3940.0	671.7864	4761.0	1316.6871	5112.0	1173.1664	
179	69696.0	15088.359	1915.0	486.75842	4301.0	1025.6683	4022.0	685.99457	4871.0	1340.4965	5195.0	1189.7297	
180	69274.0	14993.823	1925.0	492.97736	4423.0	1053.2039	4092.0	700.73236	4988.0	1366.2539	5298.0	1210.035	
181	68802.0	14890.558	1935.0	500.0381	4559.0	1086.4254	4182.0	716.5098	5102.0	1389.0261	5420.0	1234.4802	
182	68386.0	14797.226	1951.0	506.45206	4692.0	1118.6729	4264.0	732.3383	5216.0	1412.8928	5491.0	1249.4546	
183	67973.0	14697.25	1982.0	518.9107	4819.0	1150.5164	4342.0	747.3909	5294.0	1430.7113	5590.0	1272.2578	
184	67546.0	14599.531	2003.0	528.4854	4947.0	1182.9979	4410.0	759.5715	5403.0	1453.2336	5691.0	1293.2214	
185	67085.0	14492.608	2021.0	538.6099	5113.0	1223.8792	4479.0	771.8801	5502.0	1472.4663	5800.0	1317.5903	
186	66654.0	14391.643	2044.0	551.1075	5241.0	1255.335	4553.0	785.5296	5596.0	1490.4432	5912.0	1342.9658	
187	66191.0	14283.56	2074.0	564.15027	5385.0	1290.5764	4615.0	794.9973	5699.0	1511.9205	6036.0	1371.8269	
188	65749.0	14179.893	2092.0	574.08856	5528.0	1325.7446	4674.0	806.36755	5800.0	1531.8314	6157.0	1399.1027	
189	65300.0	14075.231	2121.0	585.2202	5673.0	1362.0316	4756.0	822.6491	5882.0	1547.3793	6268.0	1424.5176	
190	64870.0	13977.659	2134.0	594.14594	5790.0	1389.6041	4830.0	837.2066	5988.0	1568.0991	6388.0	1450.3118	
191	64409.0	13874.589	2138.0	600.15247	5931.0	1421.1464	4915.0	854.6841	6096.0	1589.2417	6511.0	1477.2212	
192	63966.0	13773.529	2145.0	607.4046	6055.0	1448.3943	4983.0	867.68933	6207.0	1610.8174	6644.0	1509.207	
193	63564.0	13684.013	2162.0	615.68427	6166.0	1472.6858	5037.0	877.3271	6303.0	1630.8162	6768.0	1536.5166	
194	63149.0	13592.536	2174.0	622.521	6291.0	1498.912	5099.0	889.2451	6405.0	1651.9515	6882.0	1561.8665	
195	62740.0	13500.034	2195.0	631.2316	6402.0	1522.6488	5158.0	900.9333	6513.0	1673.4678	6992.0	1588.7196	
196	62368.0	13414.147	2205.0	636.3741	6507.0	1546.5774	5210.0	910.02576	6616.0	1694.0009	7094.0	1615.9071	
197	62032.0	13334.671	2220.0	642.0602	6597.0	1567.6875	5250.0	918.516	6706.0	1712.2214	7195.0	1641.886	
198	61706.0	13258.031	2231.0	647.45245	6695.0	1591.967	5283.0	926.06464	6802.0	1731.0886	7283.0	1662.444	
199	61372.0	13183.184	2234.0	651.2946	6787.0	1610.8784	5320.0	933.13403	6910.0	1752.325	7377.0	1686.2313	
200	60990.0	13094.901	2238.0	653.92816	6910.0	1639.6002	5367.0	943.8095	7017.0	1772.4897	7478.0	1712.3113	
201	60627.0	13009.335	2250.0	658.79706	7001.0	1660.2263	5422.0	958.4215	7135.0	1793.8073	7565.0	1736.4518	
202	60236.0	12920.92	2261.0	665.03	7110.0	1683.5327	5479.0	971.8978	7257.0	1816.4268	7657.0	1759.2347	
203	59850.0	12835.839	2277.0	672.7128	7231.0	1709.2878	5520.0	982.70496	7364.0	1834.1761	7758.0	1782.3308	
204	59470.0	12750.302	2294.0	680.7558	7348.0	1734.3516	5568.0	994.3593	7467.0	1852.5128	7853.0	1804.7666	
205	59046.0	12652.132	2330.0	692.6158	7461.0	1759.3395	5618.0	1007.1081	7581.0	1872.5508	7964.0	1833.3086	
206	58645.0	12557.545	2359.0	702.8287	7566.0	1783.1846	5661.0	1016.9267	7701.0	1894.7972	8068.0	1861.7869	
207	58248.0	12467.12	2390.0	711.4604	7671.0	1805.9692	5687.0	1023.29205	7822.0	1917.8484	8182.0	1891.3871	
208	57851.0	12378.144	2411.0	718.7502	7770.0	1827.0928	5727.0	1031.7327	7941.0	1939.9636	8300.0	1921.4003	
209	57440.0	12292.013	2427.0	725.3653	7880.0	1851.54	5764.0	1037.1543	8085.0	1965.599	8404.0	1945.4016	
210	57038.0	12202.98	2440.0	731.1702	8002.0	1879.5028	5791.0	1042.9209	8212.0	1987.5948	8517.0	1972.9058	
211	56668.0	12122.294	2449.0	736.2639	8124.0	1907.5402	5818.0	1048.429	8317.0	2004.883	8624.0	1997.6724	
212	56238.0	12024.732	2467.0	742.9327	8248.0	1941.3276	5858.0	1055.797	8452.0	2029.2415	8737.0	2023.0597	
213	55875.0	11939.668	2473.0	748.251	8349.0	1968.2867	5896.0	1064.3578	8569.0	2050.7231	8838.0	2045.7886	
214	55515.0	11861.486	2464.0	747.67664	8454.0	1995.3188	5920.0	1069.6753	8714.0	2076.1572	8933.0	2066.7773	
215	55140.0	11779.591	2458.0	747.61615	8575.0	2026.9501	5946.0	1075.5471	8845.0	2099.8499	9036.0	2087.53	
216	54790.0	11700.712	2457.0	748.5983	8690.0	2058.2747	5979.0	1082.2284	8969.0	2120.899	9115.0	2106.3616	
217	54392.0	11611.903	2456.0	750.5586	8824.0	2091.3765	6001.0	1087.7444	9104.0	2144.9414	9223.0	2130.5586	
218	53977.0	11517.733	2451.0	750.22754	8952.0	2127.8716	6047.0	1096.5627	9254.0	2172.8289	9319.0	2151.8516	
219	53581.0	11427.359	2443.0	749.29083	9081.0	2168.807	6085.0	1101.8088	9387.0	2195.8606	9423.0	2173.9355	
220	53212.0	11343.96	2440.0	750.9927	9220.0	2205.2063	6109.0	1104.4532	9495.0	2215.989	9524.0	2196.4524	
221	52799.0	11244.196	2434.0	751.88104	9377.0	2248.8574	6140.0	1110.164	9619.0	2238.6125	9631.0	2223.338	
222	52385.0	11146.706	2435.0	755.2549	9532.0	2291.7944	6167.0	1115.451	9752.0	2265.9412	9729.0	2241.9124	
223	51991.0	11054.413	2430.0	756.0142	9681.0	2334.3367	6186.0	1117.5775	9884.0	2291.6924	9828.0	2263.0276	
224	51602.0	10965.356	2424.0	754.8754	9844.0	2378.6243	6198.0	1119.5238	10003.0	2315.3225	9929.0	2283.365	
225	51196.0	10871.101	2420.0	755.7153	9994.0	2421.2637	6222.0	1124.4908	10135.0	2340.2036	10033.0	2304.2761	
226	50813.0	10788.843	2411.0	755.23724	10137.0	2456.5706	6246.0	1128.4032	10265.0	2363.305	10128.0	2324.6975	
227	50401.0	10692.793	2406.0	757.50116	10300.0	2500.6443	6254.0	1129.5817	10419.0	2391.5383	10220.0	2345.0007	
228	49980.0	10601.784	2405.0	758.7888	10465.0	2541.1577	6279.0	1133.4236	10553.0	2416.609	10318.0	2365.2957	
229	49557.0	10503.531	2387.0	754.6687	10673.0	2595.55	6287.0	1134.7098	10687.0	2442.6682	10409.0	2385.933	
230	49149.0	10407.643	2380.0	751.7414	10854.0	2642.148	6290.0	1134.0215	10814.0	2470.0186	10513.0	2411.4775	
231	48744.0	10305.303	2371.0	749.79004	11031.0	2694.6843	6286.0	1132.0544	10949.0	2497.6973	10619.0	2437.5325	
232	48334.0	10205.042	2356.0	744.337	11247.0	2754.6711	6297.0	1132.2804	11053.0	2520.6636	10713.0	2460.0586	
233	47926.0	10105.388	2348.0	741.4381	11444.0	2808.2266	6293.0	1130.5216	11164.0	2545.9126	10825.0	2485.5664	
234	47530.0	10008.771	2332.0	736.0441	11615.0	2854.2073	6282.0	1126.8711	11271.0	2568.674	10970.0	2522.4893	
235	47132.0	9915.7705	2322.0	733.62274	11799.0	2899.4758	6279.0	1124.4955	11382.0	2593.0537	11086.0	2550.6545	
236	46736.0	9822.262	2317.0	731.9871	11986.0	2948.149	6248.0	1116.1195	11512.0	2619.8389	11201.0	2578.7378	
237	46329.0	9728.203	2293.0	724.69214	12188.0	2999.6382	6229.0	1111.408	11650.0	2649.0845	11311.0	2604.0671	
238	45943.0	9643.23	2257.0	714.87427	12351.0	3039.9934	6222.0	1108.9291	11802.0	2679.9373	11425.0	2630.1157	
239	45560.0	9554.797	2240.0	708.41254	12511.0	3080.8923	6189.0	1100.594	11960.0	2714.1948	11540.0	2658.195	
240	45213.0	9480.11	2209.0	700.3597	12666.0	3118.1836	6167.0	1093.8789	12101.0	2741.6045	11644.0	2682.9417	
241	44854.0	9402.149	2171.0	688.31976	12824.0	3153.0212	6127.0	1086.6014	12256.0	2774.3042	11768.0	2712.6836	
242	44467.0	9324.584	2131.0	677.42914	12974.0	3186.3586	6104.0	1079.5999	12423.0	2806.7927	11901.0	2742.3093	
243	44112.0	9251.784	2088.0	664.46136	13150.0	3226.6047	6070.0	1070.0663	12582.0	2839.2107	11998.0	2764.9443	
244	43777.0	9186.215	2049.0	652.5259	13304.0	3260.796	6022.0	1058.377	12723.0	2866.6147	12125.0	2792.548	
245	43421.0	9113.011	2016.0	642.86224	13457.0	3293.995	5982.0	1047.4296	12869.0	2895.7134	12255.0	2824.07	
246	43091.0	9044.367	1983.0	631.4691	13600.0	3326.6846	5915.0	1030.046	13020.0	2927.7546	12391.0	2856.7712	
247	42760.0	8976.711	1939.0	617.73193	13760.0	3360.1787	5863.0	1016.82275	13167.0	2959.099	12511.0	2886.5442	
248	42424.0	8905.747	1894.0	604.253	13923.0	3395.1143	5803.0	1001.37726	13319.0	2991.3699	12637.0	2919.2197	
249	42074.0	8830.77	1842.0	589.1442	14075.0	3427.617	5759.0	987.7197	13483.0	3025.776	12767.0	2956.059	
250	41741.0	8756.005	1776.0	570.6945	14226.0	3461.7776	5696.0	973.78705	13647.0	3059.67	12914.0	2995.158	
251	41433.0	8687.503	1699.0	548.8001	14372.0	3493.7896	5625.0	958.6256	13813.0	3095.8271	13058.0	3032.546	
252	41108.0	8611.269	1638.0	531.8076	14500.0	3519.923	5557.0	944.82196	13963.0	3129.8767	13234.0	3079.4124	
253	40779.0	8538.275	1571.0	512.876	14659.0	3552.5762	5493.0	931.1904	14127.0	3165.439	13371.0	3116.7537	
254	40438.0	8459.369	1503.0	493.89832	14818.0	3587.7205	5421.0	915.6733	14280.0	3199.7312	13540.0	3160.7136	
255	40101.0	8383.901	1434.0	474.87817	14955.0	3615.5347	5350.0	902.0434	14442.0	3236.5088	13718.0	3204.242	
256	39767.0	8308.333	1365.0	456.20456	15116.0	3647.5842	5266.0	882.8264	14594.0	3270.859	13892.0	3251.3105	
257	39428.0	8234.019	1284.0	432.7525	15258.0	3674.9753	5195.0	868.0466	14771.0	3311.9207	14064.0	3295.4075	
258	39116.0	8164.2305	1205.0	409.53482	15386.0	3701.7468	5125.0	851.4161	14928.0	3348.0852	14240.0	3342.1099	
259	38821.0	8100.9023	1134.0	389.05536	15519.0	3727.7512	5040.0	834.7123	15081.0	3382.9172	14405.0	3381.7869	
260	38537.0	8037.688	1045.0	362.756	15660.0	3756.5994	4939.0	813.9231	15235.0	3419.7354	14584.0	3426.4219	
261	38193.0	7964.2183	966.0	337.62677	15813.0	3787.0283	4840.0	792.5365	15405.0	3461.1238	14783.0	3474.5918	
262	37919.0	7899.466	877.0	309.16696	15950.0	3816.6638	4726.0	771.0426	15578.0	3505.0664	14950.0	3515.7197	
263	37568.0	7819.0835	801.0	284.8981	16108.0	3850.4722	4634.0	752.2004	15744.0	3545.1206	15145.0	3565.3489	
264	37260.0	7748.142	731.0	263.11774	16253.0	3880.6118	4546.0	735.0023	15907.0	3583.581	15303.0	3606.6655	
265	36970.0	7687.5205	654.0	236.94641	16397.0	3908.316	4447.0	713.1483	16055.0	3622.3428	15477.0	3648.8499	
266	36666.0	7620.6973	589.0	214.70378	16537.0	3935.2766	4365.0	696.76074	16204.0	3660.1829	15639.0	3689.5022	
267	36395.0	7561.22	537.0	197.45667	16679.0	3962.0718	4238.0	670.7369	16321.0	3689.4675	15830.0	3736.1711	
268	36123.0	7498.6997	485.0	178.9381	16829.0	3991.3125	4096.0	643.116	16457.0	3724.023	16010.0	3781.0369	
269	35827.0	7436.2554	444.0	164.30902	16980.0	4018.5256	3955.0	617.50836	16600.0	3758.3918	16194.0	3822.1396	
270	35551.0	7377.608	388.0	143.2404	17117.0	4042.3423	3810.0	591.4643	16745.0	3795.748	16389.0	3866.7217	
271	35288.0	7321.4863	330.0	122.20303	17283.0	4071.2354	3659.0	564.6883	16880.0	3829.6206	16560.0	3907.8933	
272	35015.0	7259.887	277.0	101.48398	17439.0	4098.014	3490.0	536.0791	17021.0	3867.4802	16758.0	3954.185	
273	34703.0	7189.1724	233.0	85.19813	17585.0	4124.882	3328.0	508.0956	17176.0	3902.7183	16975.0	4007.066	
274	34397.0	7117.8105	207.0	75.32064	17756.0	4154.2373	3169.0	478.89313	17281.0	3927.0007	17190.0	4063.8735	
275	34127.0	7053.8384	173.0	62.79307	17904.0	4179.231	3007.0	451.39322	17388.0	3950.983	17401.0	4118.89	
276	33821.0	6986.553	148.0	53.061302	18085.0	4210.8545	2838.0	422.51013	17510.0	3979.1187	17598.0	4165.03	
277	33549.0	6921.725	124.0	43.693672	18227.0	4236.77	2669.0	395.71622	17620.0	4002.7869	17811.0	4216.439	
278	33296.0	6868.3813	95.0	32.920357	18366.0	4259.7363	2508.0	368.90363	17716.0	4024.1782	18019.0	4263.012	
279	33044.0	6807.1777	70.0	23.733374	18507.0	4283.9307	2348.0	344.87198	17820.0	4047.9807	18211.0	4309.435	
280	32781.0	6742.2993	55.0	18.488745	18667.0	4312.6973	2168.0	316.60413	17910.0	4067.3606	18419.0	4359.6836	
281	32469.0	6668.9497	51.0	16.831604	18821.0	4338.579	2034.0	297.1828	18007.0	4086.2268	18618.0	4409.3667	
282	32172.0	6600.922	41.0	13.267104	18977.0	4364.0874	1915.0	280.08273	18113.0	4109.5273	18782.0	4449.2476	
283	31875.0	6534.281	35.0	11.183102	19126.0	4389.7656	1802.0	263.30844	18206.0	4130.5522	18956.0	4488.045	
284	31588.0	6466.848	29.0	9.166906	19253.0	4411.0625	1677.0	245.68341	18315.0	4155.324	19138.0	4529.0474	
285	31334.0	6407.963	23.0	7.545864	19376.0	4431.0176	1554.0	228.47838	18404.0	4175.0327	19309.0	4567.088	
286	31054.0	6345.1465	14.0	4.6841097	19511.0	4453.9897	1435.0	211.62518	18493.0	4195.431	19493.0	4606.2505	
287	30790.0	6284.7886	11.0	3.961422	19656.0	4478.334	1306.0	192.2826	18580.0	4213.9775	19657.0	4643.781	
288	30493.0	6214.181	9.0	3.4886022	19804.0	4502.8516	1180.0	174.53345	18676.0	4235.4727	19838.0	4686.5884	
289	30195.0	6144.9956	7.0	2.839617	19953.0	4527.3066	1045.0	155.34886	18777.0	4260.449	20023.0	4726.1685	
290	29905.0	6078.058	4.0	1.7164696	20103.0	4551.79	924.0	138.17828	18855.0	4277.9834	20209.0	4769.3823	
291	29610.0	6007.848	4.0	1.7164696	20232.0	4573.784	815.0	122.94962	18956.0	4300.114	20383.0	4810.6973	
292	29319.0	5941.3916	3.0	1.4696199	20358.0	4595.368	726.0	109.639915	19043.0	4318.3896	20551.0	4850.8457	
293	29025.0	5867.9937	1.0	1.0	20498.0	4620.72	639.0	97.64272	19131.0	4339.0767	20706.0	4890.6646	
294	28737.0	5800.907	1.0	1.0	20624.0	4640.683	560.0	86.81578	19230.0	4362.3013	20848.0	4925.3926	
295	28434.0	5730.354	1.0	1.0	20747.0	4660.8423	494.0	78.7487	19334.0	4385.612	20990.0	4960.5386	
296	28148.0	5662.6777	1.0	1.0	20854.0	4679.484	437.0	71.34709	19442.0	4409.2407	21118.0	4993.344	
297	27848.0	5590.3193	1.0	1.0	20961.0	4698.67	389.0	64.16316	19551.0	4432.526	21250.0	5030.4053	
298	27559.0	5523.054	1.0	1.0	21081.0	4720.1416	332.0	54.352924	19650.0	4453.873	21377.0	5064.655	
299	27265.0	5451.026	1.0	1.0	21189.0	4739.7295	286.0	47.13099	19749.0	4475.798	21510.0	5102.4014	
300	26977.0	5384.6064	1.0	1.0	21298.0	4758.5283	235.0	38.11626	19844.0	4496.0586	21645.0	5138.779	
301	26700.0	5318.7695	1.0	1.0	21397.0	4776.978	191.0	30.840458	19924.0	4513.029	21787.0	5176.473	
302	26431.0	5255.7725	1.0	1.0	21487.0	4792.109	148.0	24.014956	20012.0	4529.1953	21921.0	5215.0063	
303	26188.0	5203.2637	1.0	1.0	21577.0	4807.1323	115.0	19.451971	20085.0	4543.434	22034.0	5242.8145	
304	25915.0	5140.343	1.0	1.0	21670.0	4824.107	83.0	14.75319	20173.0	4561.795	22158.0	5275.0996	
305	25675.0	5088.23	1.0	1.0	21746.0	4839.922	64.0	11.469964	20255.0	4578.0547	22259.0	5298.426	
306	25439.0	5034.843	1.0	1.0	21826.0	4856.995	50.0	9.01483	20335.0	4594.5737	22349.0	5320.6733	
307	25198.0	4981.0903	1.0	1.0	21901.0	4872.8374	40.0	7.4537497	20431.0	4615.308	22429.0	5339.4136	
308	24933.0	4922.0425	1.0	1.0	21996.0	4891.374	31.0	6.0464296	20508.0	4630.5596	22531.0	5366.081	
309	24700.0	4874.9673	1.0	1.0	22078.0	4908.384	26.0	5.2776723	20580.0	4644.561	22615.0	5382.912	
310	24483.0	4829.1846	1.0	1.0	22164.0	4926.291	24.0	4.6146874	20637.0	4656.0674	22691.0	5399.9414	
311	24263.0	4781.779	1.0	1.0	22247.0	4943.8823	25.0	4.7905335	20706.0	4669.2515	22758.0	5416.4004	
312	24029.0	4736.512	1.0	1.0	22347.0	4963.6016	26.0	4.9913745	20771.0	4681.071	22826.0	5429.928	
313	23782.0	4685.5293	1.0	1.0	22425.0	4980.381	25.0	4.873946	20858.0	4696.73	22909.0	5448.5957	
314	23550.0	4634.2427	1.0	1.0	22517.0	5001.5967	27.0	5.210862	20911.0	4707.303	22994.0	5467.7505	
315	23366.0	4596.161	1.0	1.0	22578.0	5014.295	22.0	4.3466997	20964.0	4717.5586	23069.0	5483.7446	
316	23167.0	4554.6387	1.0	1.0	22655.0	5030.1284	22.0	4.3635535	21024.0	4729.4165	23131.0	5497.5557	
317	22950.0	4509.981	1.0	1.0	22742.0	5047.995	19.0	3.863169	21088.0	4741.8667	23200.0	5512.396	
318	22744.0	4467.158	1.0	1.0	22826.0	5066.169	14.0	3.042597	21144.0	4753.1665	23271.0	5526.568	
319	22545.0	4424.253	1.0	1.0	22911.0	5084.389	9.0	2.2009325	21203.0	4764.3965	23331.0	5540.8657	
320	22341.0	4380.8374	1.0	1.0	22996.0	5102.3984	7.0	1.8771939	21259.0	4776.0444	23396.0	5554.9473	
321	22134.0	4337.803	1.0	1.0	23098.0	5122.2993	5.0	1.5473969	21304.0	4784.768	23458.0	5569.6865	
322	21919.0	4290.5513	1.0	1.0	23200.0	5143.078	5.0	1.5473969	21360.0	4798.0156	23515.0	5582.9087	
323	21687.0	4238.8423	1.0	1.0	23306.0	5164.9688	5.0	1.5473969	21421.0	4811.243	23580.0	5599.499	
324	21453.0	4188.0776	1.0	1.0	23417.0	5188.54	5.0	1.5473969	21485.0	4826.4385	23639.0	5611.495	
325	21205.0	4137.053	1.0	1.0	23521.0	5209.694	4.0	1.3847744	21556.0	4842.265	23713.0	5625.709	
326	20970.0	4090.438	1.0	1.0	23627.0	5231.0093	4.0	1.3847744	21615.0	4853.117	23783.0	5640.1606	
327	20710.0	4037.5344	1.0	1.0	23747.0	5255.343	2.0	1.036728	21681.0	4864.8955	23859.0	5657.3	
328	20461.0	3987.7522	1.0	1.0	23868.0	5278.632	2.0	1.036728	21738.0	4875.351	23930.0	5673.3403	
329	20243.0	3944.6724	1.0	1.0	23987.0	5302.818	2.0	1.036728	21787.0	4884.581	23980.0	5683.0	
330	20004.0	3896.168	1.0	1.0	24105.0	5326.05	2.0	1.036728	21850.0	4896.5537	24038.0	5696.3022	
331	19773.0	3849.5618	1.0	1.0	24224.0	5349.3164	2.0	1.036728	21910.0	4909.813	24090.0	5706.387	
332	19594.0	3812.781	1.0	1.0	24313.0	5367.1553	3.0	1.0641403	21954.0	4918.7734	24135.0	5716.3374	
333	19416.0	3778.87	1.0	1.0	24392.0	5381.5005	3.0	1.0641403	21996.0	4926.5215	24192.0	5728.1533	
334	19239.0	3743.659	1.0	1.0	24487.0	5399.242	3.0	1.0641403	22038.0	4935.4414	24232.0	5736.7046	
335	19038.0	3705.197	1.0	1.0	24595.0	5419.271	3.0	1.0641403	22078.0	4942.8306	24285.0	5747.7505	
336	18839.0	3666.7893	1.0	1.0	24689.0	5435.9688	3.0	1.0641403	22130.0	4952.9	24338.0	5759.3945	
337	18644.0	3627.3977	1.0	1.0	24797.0	5457.177	3.0	1.0641403	22167.0	4960.0044	24388.0	5770.472	
338	18459.0	3594.8586	1.0	1.0	24903.0	5473.7734	3.0	1.0641403	22211.0	4968.908	24423.0	5777.508	
339	18280.0	3560.016	1.0	1.0	24989.0	5491.119	3.0	1.0641403	22253.0	4975.367	24474.0	5788.55	
340	18114.0	3526.454	1.0	1.0	25065.0	5506.3594	3.0	1.0641403	22296.0	4983.1216	24521.0	5799.12	
341	17921.0	3486.9443	1.0	1.0	25165.0	5525.55	3.0	1.0641403	22341.0	4991.2	24569.0	5811.3574	
342	17753.0	3451.785	1.0	1.0	25249.0	5543.1826	3.0	1.0641403	22372.0	4996.678	24622.0	5823.4053	
343	17571.0	3411.0112	1.0	1.0	25345.0	5564.558	3.0	1.0641403	22407.0	5003.691	24673.0	5835.7886	
344	17395.0	3375.9482	1.0	1.0	25436.0	5582.7056	3.0	1.0641403	22443.0	5011.166	24722.0	5845.232	
345	17198.0	3332.9207	1.0	1.0	25534.0	5604.4517	2.0	1.036728	22487.0	5019.719	24778.0	5857.987	
346	17006.0	3293.7078	1.0	1.0	25622.0	5621.2334	2.0	1.036728	22527.0	5027.492	24842.0	5872.6484	
347	16830.0	3257.9333	1.0	1.0	25719.0	5640.775	2.0	1.036728	22567.0	5034.4023	24881.0	5881.975	
348	16663.0	3224.6804	1.0	1.0	25806.0	5657.5547	2.0	1.036728	22600.0	5041.0063	24928.0	5891.842	
349	16501.0	3191.3767	1.0	1.0	25889.0	5674.829	2.0	1.036728	22635.0	5047.081	24972.0	5901.795	
350	16346.0	3160.4841	1.0	1.0	25961.0	5688.46	2.0	1.036728	22671.0	5053.699	25019.0	5912.4395	
351	16175.0	3124.2798	1.0	1.0	26047.0	5707.776	2.0	1.036728	22711.0	5060.6494	25064.0	5922.3794	
352	16012.0	3089.9248	1.0	1.0	26122.0	5724.2397	1.0	1.0	22754.0	5068.0444	25110.0	5932.912	
353	15846.0	3056.0093	1.0	1.0	26202.0	5740.3228	1.0	1.0	22795.0	5076.963	25155.0	5941.825	
354	15698.0	3026.5469	1.0	1.0	26288.0	5756.6685	1.0	1.0	22819.0	5081.521	25193.0	5950.3853	
355	15532.0	2996.618	1.0	1.0	26368.0	5771.0156	1.0	1.0	22858.0	5088.4604	25240.0	5959.03	
356	15374.0	2962.8816	1.0	1.0	26455.0	5788.0063	1.0	1.0	22882.0	5093.8296	25287.0	5970.403	
357	15190.0	2925.517	1.0	1.0	26538.0	5804.342	1.0	1.0	22927.0	5103.459	25343.0	5981.802	
358	15027.0	2892.6914	1.0	1.0	26617.0	5819.187	1.0	1.0	22962.0	5110.48	25392.0	5992.7627	
359	14879.0	2863.1646	1.0	1.0	26684.0	5831.78	1.0	1.0	23001.0	5117.6353	25434.0	6002.5454	
360	14723.0	2831.476	1.0	1.0	26770.0	5848.87	1.0	1.0	23024.0	5121.4736	25481.0	6013.3037	
361	14557.0	2800.3376	1.0	1.0	26859.0	5865.265	1.0	1.0	23060.0	5127.5317	25522.0	6021.9883	
362	14366.0	2763.2117	1.0	1.0	26960.0	5883.5015	1.0	1.0	23096.0	5133.9497	25576.0	6034.4595	
363	14196.0	2730.8894	1.0	1.0	27050.0	5900.2617	1.0	1.0	23130.0	5140.2544	25622.0	6043.7144	
364	14052.0	2700.283	1.0	1.0	27124.0	5914.941	1.0	1.0	23150.0	5143.5127	25672.0	6056.383	
365	13874.0	2663.2004	1.0	1.0	27202.0	5930.8125	1.0	1.0	23195.0	5152.7275	25727.0	6068.3726	
366	13708.0	2630.6177	1.0	1.0	27275.0	5946.3335	1.0	1.0	23231.0	5158.654	25784.0	6079.5093	
367	13551.0	2597.8745	1.0	1.0	27343.0	5960.078	1.0	1.0	23274.0	5166.52	25830.0	6090.6396	
368	13399.0	2564.0098	1.0	1.0	27421.0	5976.4023	1.0	1.0	23301.0	5172.537	25877.0	6102.1665	
369	13238.0	2531.5947	1.0	1.0	27503.0	5992.54	1.0	1.0	23331.0	5178.2583	25926.0	6112.722	
370	13102.0	2507.0298	1.0	1.0	27574.0	6004.611	1.0	1.0	23353.0	5182.296	25969.0	6121.179	
371	12959.0	2481.1216	1.0	1.0	27630.0	6014.3584	1.0	1.0	23385.0	5188.194	26024.0	6131.4424	
372	12816.0	2453.661	1.0	1.0	27697.0	6027.487	1.0	1.0	23409.0	5192.16	26076.0	6141.8086	
373	12684.0	2428.2068	1.0	1.0	27751.0	6037.555	1.0	1.0	23438.0	5197.126	26125.0	6152.233	
374	12568.0	2405.2615	1.0	1.0	27806.0	6049.451	1.0	1.0	23469.0	5202.7905	26155.0	6157.6167	
375	12462.0	2384.3828	1.0	1.0	27852.0	6058.887	1.0	1.0	23500.0	5207.979	26184.0	6163.871	
376	12346.0	2361.4185	1.0	1.0	27905.0	6068.769	1.0	1.0	23523.0	5211.563	26224.0	6173.371	
377	12224.0	2337.0898	1.0	1.0	27963.0	6079.5156	1.0	1.0	23551.0	5216.1504	26260.0	6182.3633	
378	12098.0	2314.2625	1.0	1.0	28029.0	6092.304	1.0	1.0	23577.0	5220.581	26294.0	6187.9707	
379	11970.0	2292.3555	1.0	1.0	28090.0	6102.5527	1.0	1.0	23610.0	5226.2085	26328.0	6194.0024	
380	11857.0	2271.0295	1.0	1.0	28134.0	6110.2554	1.0	1.0	23638.0	5231.667	26369.0	6202.173	
381	11722.0	2244.6458	1.0	1.0	28194.0	6121.7773	1.0	1.0	23671.0	5238.6445	26411.0	6210.054	
382	11607.0	2221.152	1.0	1.0	28242.0	6131.825	1.0	1.0	23704.0	5245.125	26445.0	6217.0176	
383	11471.0	2195.4387	1.0	1.0	28300.0	6142.6543	1.0	1.0	23736.0	5251.136	26491.0	6225.8896	
384	11355.0	2171.3625	1.0	1.0	28340.0	6151.8325	1.0	1.0	23774.0	5258.1816	26529.0	6233.741	
385	11243.0	2150.0618	1.0	1.0	28388.0	6160.801	1.0	1.0	23802.0	5263.2173	26565.0	6241.038	
386	11124.0	2124.9846	1.0	1.0	28442.0	6172.4233	1.0	1.0	23834.0	5270.4253	26598.0	6247.2837	
387	11027.0	2105.8267	1.0	1.0	28490.0	6182.6987	1.0	1.0	23854.0	5274.0957	26627.0	6252.494	
388	10915.0	2083.2678	1.0	1.0	28544.0	6195.358	1.0	1.0	23877.0	5277.98	26662.0	6258.513	
389	10796.0	2058.4004	1.0	1.0	28594.0	6206.5825	1.0	1.0	23910.0	5283.831	26698.0	6266.3013	
390	10663.0	2030.8158	1.0	1.0	28651.0	6218.9517	1.0	1.0	23940.0	5289.356	26744.0	6275.986	
391	10554.0	2008.9825	1.0	1.0	28707.0	6231.204	1.0	1.0	23961.0	5293.2427	26776.0	6281.678	
392	10440.0	1986.2961	1.0	1.0	28768.0	6242.7026	1.0	1.0	23980.0	5296.9966	26810.0	6289.1143	
393	10319.0	1964.668	1.0	1.0	28823.0	6251.2173	1.0	1.0	24009.0	5301.7026	26847.0	6297.521	
394	10221.0	1945.461	1.0	1.0	28870.0	6259.6123	1.0	1.0	24030.0	5306.5107	26877.0	6303.5234	
395	10117.0	1926.4271	1.0	1.0	28925.0	6268.9854	1.0	1.0	24049.0	5309.811	26907.0	6309.8843	
396	10022.0	1907.8075	1.0	1.0	28975.0	6278.3374	1.0	1.0	24066.0	5313.647	26935.0	6315.3164	
397	9930.0	1888.2058	1.0	1.0	29024.0	6288.01	1.0	1.0	24081.0	5316.5063	26963.0	6322.39	
398	9843.0	1869.2576	1.0	1.0	29059.0	6294.488	1.0	1.0	24103.0	5321.25	26993.0	6330.1167	
399	9754.0	1852.7545	1.0	1.0	29097.0	6301.1006	1.0	1.0	24119.0	5324.6367	27028.0	6336.619	
400	9650.0	1833.8464	1.0	1.0	29142.0	6308.4116	1.0	1.0	24150.0	5330.26	27056.0	6342.5913	
401	9560.0	1817.6918	1.0	1.0	29182.0	6314.7837	1.0	1.0	24175.0	5335.2593	27081.0	6347.375	
402	9482.0	1802.4607	1.0	1.0	29222.0	6321.9116	1.0	1.0	24191.0	5338.8384	27103.0	6351.894	
403	9390.0	1783.0864	1.0	1.0	29259.0	6329.564	1.0	1.0	24217.0	5343.4824	27132.0	6358.9736	
404	9305.0	1765.2643	1.0	1.0	29289.0	6334.6323	1.0	1.0	24236.0	5346.643	27168.0	6368.567	
405	9208.0	1747.6095	1.0	1.0	29332.0	6341.6216	1.0	1.0	24258.0	5350.4536	27200.0	6375.424	
406	9115.0	1728.7941	1.0	1.0	29368.0	6348.0366	1.0	1.0	24275.0	5353.759	27240.0	6384.521	
407	9035.0	1713.0804	1.0	1.0	29401.0	6355.142	1.0	1.0	24293.0	5357.0454	27269.0	6389.8413	
408	8944.0	1695.7211	1.0	1.0	29440.0	6362.6357	1.0	1.0	24308.0	5359.808	27306.0	6396.943	
409	8859.0	1677.6881	1.0	1.0	29467.0	6367.587	1.0	1.0	24326.0	5363.306	27346.0	6406.527	
410	8760.0	1657.9418	1.0	1.0	29511.0	6375.1694	1.0	1.0	24344.0	5366.972	27383.0	6415.027	
411	8676.0	1641.1621	1.0	1.0	29550.0	6383.554	1.0	1.0	24359.0	5369.8237	27413.0	6420.57	
412	8573.0	1622.7172	1.0	1.0	29599.0	6392.417	1.0	1.0	24378.0	5373.87	27448.0	6426.104	
413	8503.0	1610.056	1.0	1.0	29628.0	6396.6377	1.0	1.0	24396.0	5377.327	27471.0	6431.088	
414	8421.0	1593.5255	1.0	1.0	29666.0	6404.1753	1.0	1.0	24410.0	5380.04	27501.0	6437.3667	
415	8324.0	1573.7721	1.0	1.0	29701.0	6410.885	1.0	1.0	24439.0	5386.3975	27534.0	6444.0547	
416	8219.0	1552.4644	1.0	1.0	29750.0	6420.4614	1.0	1.0	24459.0	5390.369	27570.0	6451.816	
417	8152.0	1538.7075	1.0	1.0	29781.0	6426.431	1.0	1.0	24474.0	5392.941	27591.0	6457.029	
418	8073.0	1523.8307	1.0	1.0	29823.0	6433.5337	1.0	1.0	24485.0	5395.378	27617.0	6462.3643	
419	7994.0	1508.0085	1.0	1.0	29862.0	6441.698	1.0	1.0	24501.0	5398.738	27641.0	6466.663	
420	7910.0	1492.1245	1.0	1.0	29898.0	6448.1943	1.0	1.0	24521.0	5402.5825	27669.0	6472.207	
421	7810.0	1473.2734	1.0	1.0	29949.0	6457.413	1.0	1.0	24537.0	5405.8916	27702.0	6478.532	
422	7733.0	1459.1859	1.0	1.0	29980.0	6462.8467	1.0	1.0	24557.0	5410.3267	27728.0	6482.754	
423	7655.0	1443.6093	1.0	1.0	30003.0	6466.841	1.0	1.0	24574.0	5413.864	27766.0	6490.8	
424	7582.0	1431.1039	1.0	1.0	30043.0	6473.8564	1.0	1.0	24588.0	5416.3613	27785.0	6493.79	
425	7513.0	1417.219	1.0	1.0	30067.0	6478.2314	1.0	1.0	24606.0	5420.103	27812.0	6499.559	
426	7442.0	1403.6564	1.0	1.0	30101.0	6484.3687	1.0	1.0	24618.0	5422.3867	27837.0	6504.7007	
427	7385.0	1392.4331	1.0	1.0	30127.0	6488.8867	1.0	1.0	24627.0	5424.9307	27859.0	6508.86	
428	7311.0	1380.6273	1.0	1.0	30161.0	6494.02	1.0	1.0	24638.0	5426.8745	27888.0	6513.59	
429	7230.0	1365.7216	1.0	1.0	30200.0	6500.769	1.0	1.0	24646.0	5428.467	27922.0	6520.154	
430	7179.0	1355.0742	1.0	1.0	30218.0	6504.076	1.0	1.0	24655.0	5429.8936	27946.0	6526.0684	
431	7105.0	1342.0697	1.0	1.0	30246.0	6508.5034	1.0	1.0	24672.0	5432.8296	27975.0	6531.7104	
432	7041.0	1328.9016	1.0	1.0	30270.0	6513.3696	1.0	1.0	24688.0	5435.7104	27999.0	6537.1323	
433	6971.0	1315.6156	1.0	1.0	30304.0	6519.5874	1.0	1.0	24702.0	5438.353	28021.0	6541.5586	
434	6906.0	1304.2225	1.0	1.0	30326.0	6524.3833	1.0	1.0	24714.0	5440.148	28052.0	6546.3633	
435	6851.0	1293.0529	1.0	1.0	30355.0	6529.7124	1.0	1.0	24723.0	5442.9834	28069.0	6549.3667	
436	6786.0	1281.6355	1.0	1.0	30389.0	6534.7993	1.0	1.0	24737.0	5445.791	28086.0	6552.8887	
437	6719.0	1268.0653	1.0	1.0	30415.0	6539.0454	1.0	1.0	24754.0	5449.135	28110.0	6558.87	
438	6659.0	1256.5585	1.0	1.0	30435.0	6542.2583	1.0	1.0	24766.0	5451.03	28138.0	6565.2656	
439	6591.0	1241.692	1.0	1.0	30467.0	6549.461	1.0	1.0	24776.0	5452.826	28164.0	6571.133	
440	6515.0	1227.8103	1.0	1.0	30503.0	6554.691	1.0	1.0	24788.0	5455.1167	28192.0	6577.492	
441	6459.0	1217.946	1.0	1.0	30524.0	6558.208	1.0	1.0	24802.0	5457.485	28213.0	6581.471	
442	6396.0	1206.3448	1.0	1.0	30549.0	6562.5684	1.0	1.0	24823.0	5461.6636	28230.0	6584.5312	
443	6320.0	1191.4915	1.0	1.0	30582.0	6568.2695	1.0	1.0	24840.0	5465.1143	28256.0	6590.2354	
444	6256.0	1178.361	1.0	1.0	30616.0	6574.8037	1.0	1.0	24857.0	5468.63	28269.0	6593.3125	
445	6198.0	1166.6604	1.0	1.0	30643.0	6579.831	1.0	1.0	24870.0	5471.166	28287.0	6597.4487	
446	6124.0	1153.0994	1.0	1.0	30679.0	6586.1567	1.0	1.0	24883.0	5473.448	28312.0	6602.399	
447	6063.0	1141.2457	1.0	1.0	30708.0	6590.79	1.0	1.0	24894.0	5476.1167	28333.0	6606.9478	
448	6010.0	1131.9686	1.0	1.0	30731.0	6594.318	1.0	1.0	24901.0	5477.723	28356.0	6611.0913	
449	5937.0	1117.5516	1.0	1.0	30764.0	6601.0244	1.0	1.0	24917.0	5480.6787	28380.0	6615.845	
450	5870.0	1104.7537	1.0	1.0	30793.0	6606.6494	1.0	1.0	24933.0	5482.8096	28402.0	6620.8867	
451	5798.0	1091.0183	1.0	1.0	30824.0	6612.21	1.0	1.0	24947.0	5485.135	28429.0	6626.737	
452	5738.0	1079.8425	1.0	1.0	30853.0	6616.586	1.0	1.0	24957.0	5487.9453	28450.0	6630.727	
453	5678.0	1069.2091	1.0	1.0	30879.0	6620.8955	1.0	1.0	24977.0	5491.9785	28464.0	6633.0156	
454	5634.0	1060.568	1.0	1.0	30892.0	6623.561	1.0	1.0	24983.0	5493.4033	28489.0	6637.5674	
455	5575.0	1050.3038	1.0	1.0	30913.0	6627.213	1.0	1.0	24996.0	5495.748	28514.0	6641.8354	
456	5526.0	1041.3196	1.0	1.0	30935.0	6630.7983	1.0	1.0	25000.0	5497.537	28537.0	6645.4443	
457	5475.0	1030.5037	1.0	1.0	30960.0	6634.633	1.0	1.0	25004.0	5498.6846	28559.0	6651.2793	
458	5422.0	1021.03467	1.0	1.0	30984.0	6638.737	1.0	1.0	25011.0	5500.214	28581.0	6655.1147	
459	5372.0	1011.8917	1.0	1.0	31009.0	6642.908	1.0	1.0	25018.0	5501.4717	28599.0	6658.829	
460	5337.0	1006.74066	1.0	1.0	31025.0	6645.1934	1.0	1.0	25025.0	5502.8364	28611.0	6660.33	
461	5282.0	996.3107	1.0	1.0	31055.0	6649.888	1.0	1.0	25037.0	5505.724	28624.0	6663.1753	
462	5228.0	985.908	1.0	1.0	31074.0	6653.1587	1.0	1.0	25051.0	5508.535	28645.0	6667.496	
463	5163.0	973.56134	1.0	1.0	31108.0	6659.4907	1.0	1.0	25061.0	5510.61	28666.0	6671.435	
464	5101.0	961.8632	1.0	1.0	31134.0	6664.1055	1.0	1.0	25072.0	5512.3193	28691.0	6676.808	
465	5044.0	950.10425	1.0	1.0	31156.0	6667.5005	1.0	1.0	25078.0	5514.601	28720.0	6682.888	
466	4999.0	942.3193	1.0	1.0	31172.0	6669.986	1.0	1.0	25085.0	5516.1104	28742.0	6686.6787	
467	4949.0	932.3256	1.0	1.0	31192.0	6673.048	1.0	1.0	25093.0	5518.098	28764.0	6691.623	
468	4905.0	924.2073	1.0	1.0	31209.0	6676.443	1.0	1.0	25102.0	5519.8066	28782.0	6694.6377	
469	4856.0	915.47455	1.0	1.0	31235.0	6681.7104	1.0	1.0	25107.0	5520.4995	28800.0	6697.409	
470	4808.0	906.1546	1.0	1.0	31258.0	6685.685	1.0	1.0	25113.0	5521.984	28819.0	6701.2695	
471	4754.0	895.31445	1.0	1.0	31282.0	6690.0845	1.0	1.0	25118.0	5523.7783	28844.0	6705.913	
472	4699.0	884.164	1.0	1.0	31308.0	6694.441	1.0	1.0	25130.0	5526.6562	28861.0	6709.828	
473	4657.0	876.1249	1.0	1.0	31325.0	6697.652	1.0	1.0	25137.0	5528.21	28879.0	6713.1016	
474	4614.0	869.4294	1.0	1.0	31346.0	6700.2075	1.0	1.0	25136.0	5528.02	28902.0	6717.433	
475	4569.0	861.09186	1.0	1.0	31363.0	6702.922	1.0	1.0	25151.0	5530.416	28915.0	6720.659	
476	4524.0	852.01984	1.0	1.0	31381.0	6707.0615	1.0	1.0	25158.0	5531.7866	28935.0	6724.2227	
477	4486.0	844.8291	1.0	1.0	31399.0	6710.9653	1.0	1.0	25170.0	5533.881	28943.0	6725.4155	
478	4448.0	837.7342	1.0	1.0	31411.0	6713.0273	1.0	1.0	25176.0	5535.126	28963.0	6729.201	
479	4406.0	829.40405	1.0	1.0	31426.0	6715.558	1.0	1.0	25181.0	5536.846	28985.0	6733.283	
480	4362.0	821.2725	1.0	1.0	31446.0	6718.949	1.0	1.0	25191.0	5539.0215	28999.0	6735.8486	
481	4319.0	813.4869	1.0	1.0	31466.0	6722.525	1.0	1.0	25199.0	5540.7803	29014.0	6738.3003	
482	4276.0	806.6121	1.0	1.0	31490.0	6726.2676	1.0	1.0	25210.0	5542.742	29022.0	6739.47	
483	4245.0	801.01794	1.0	1.0	31500.0	6728.184	1.0	1.0	25214.0	5543.4893	29039.0	6742.402	
484	4218.0	795.95087	1.0	1.0	31510.0	6729.822	1.0	1.0	25219.0	5544.531	29051.0	6744.7886	
485	4174.0	787.4236	1.0	1.0	31530.0	6733.403	1.0	1.0	25228.0	5546.8403	29066.0	6747.425	
486	4123.0	778.36005	1.0	1.0	31547.0	6735.8223	1.0	1.0	25239.0	5549.3066	29089.0	6751.604	
487	4080.0	768.5886	1.0	1.0	31564.0	6739.486	1.0	1.0	25245.0	5550.6587	29109.0	6756.3584	
488	4027.0	759.33234	1.0	1.0	31592.0	6743.776	1.0	1.0	25251.0	5552.251	29128.0	6759.7324	
489	3986.0	751.1497	1.0	1.0	31613.0	6748.479	1.0	1.0	25253.0	5553.3384	29146.0	6762.1245	
490	3946.0	743.8615	1.0	1.0	31630.0	6751.7036	1.0	1.0	25258.0	5554.1294	29164.0	6765.3936	
491	3901.0	734.5877	1.0	1.0	31650.0	6755.797	1.0	1.0	25266.0	5555.7524	29181.0	6768.9507	
492	3860.0	726.55164	1.0	1.0	31666.0	6758.9043	1.0	1.0	25270.0	5556.5747	29202.0	6773.057	
493	3822.0	719.56104	1.0	1.0	31687.0	6762.1533	1.0	1.0	25276.0	5558.155	29213.0	6775.2183	
494	3778.0	710.7772	1.0	1.0	31709.0	6766.644	1.0	1.0	25282.0	5559.519	29229.0	6778.147	
495	3740.0	704.3329	1.0	1.0	31729.0	6769.9624	1.0	1.0	25283.0	5559.819	29246.0	6780.9707	
496	3701.0	695.86554	1.0	1.0	31744.0	6772.32	1.0	1.0	25292.0	5562.7476	29261.0	6784.151	
497	3664.0	689.2146	1.0	1.0	31763.0	6775.821	1.0	1.0	25301.0	5564.433	29270.0	6785.615	
498	3623.0	681.2848	1.0	1.0	31781.0	6778.7256	1.0	1.0	25305.0	5566.051	29289.0	6789.0215	
499	3591.0	675.4665	1.0	1.0	31798.0	6781.371	1.0	1.0	25310.0	5567.3223	29299.0	6790.924	
500	3550.0	668.9628	1.0	1.0	31815.0	6783.9683	1.0	1.0	25319.0	5568.8887	29314.0	6793.262	
501	3517.0	662.1827	1.0	1.0	31831.0	6787.392	1.0	1.0	25319.0	5569.634	29331.0	6795.874	
502	3479.0	654.9768	1.0	1.0	31846.0	6789.611	1.0	1.0	25320.0	5570.554	29353.0	6799.94	
503	3447.0	649.26776	1.0	1.0	31861.0	6791.8687	1.0	1.0	25316.0	5570.731	29374.0	6803.2144	
504	3414.0	642.5544	1.0	1.0	31874.0	6794.4917	1.0	1.0	25317.0	5571.83	29393.0	6806.2046	
505	3374.0	635.5296	1.0	1.0	31889.0	6797.272	1.0	1.0	25323.0	5573.021	29412.0	6809.2583	
506	3338.0	628.46155	1.0	1.0	31906.0	6800.3984	1.0	1.0	25324.0	5574.0522	29430.0	6812.169	
507	3306.0	623.3	1.0	1.0	31915.0	6801.4854	1.0	1.0	25333.0	5575.7036	29444.0	6814.5913	
508	3271.0	616.7055	1.0	1.0	31925.0	6803.4565	1.0	1.0	25336.0	5577.2983	29466.0	6817.6216	
509	3243.0	609.9914	1.0	1.0	31938.0	6806.872	1.0	1.0	25338.0	5577.8413	29479.0	6820.377	
510	3213.0	604.94714	1.0	1.0	31944.0	6807.8315	1.0	1.0	25342.0	5579.259	29499.0	6823.0464	
511	3183.0	598.73645	1.0	1.0	31952.0	6809.572	1.0	1.0	25347.0	5580.3853	29516.0	6826.3896	
512	3150.0	592.26764	1.0	1.0	31964.0	6812.21	1.0	1.0	25346.0	5581.4307	29538.0	6829.1733	
513	3119.0	585.5012	1.0	1.0	31976.0	6815.5347	1.0	1.0	25345.0	5581.994	29558.0	6832.0493	
514	3085.0	580.102	1.0	1.0	31995.0	6818.1914	1.0	1.0	25347.0	5582.3906	29571.0	6834.397	
515	3053.0	571.99207	1.0	1.0	32012.0	6823.2017	1.0	1.0	25350.0	5583.723	29583.0	6836.1646	
516	3021.0	566.62866	1.0	1.0	32030.0	6825.718	1.0	1.0	25353.0	5584.8057	29594.0	6837.9287	
517	2988.0	560.8042	1.0	1.0	32046.0	6827.9907	1.0	1.0	25354.0	5585.4775	29610.0	6840.8076	
518	2967.0	556.91034	1.0	1.0	32055.0	6829.1484	1.0	1.0	25355.0	5586.1836	29621.0	6842.838	
519	2934.0	550.9554	1.0	1.0	32064.0	6830.1406	1.0	1.0	25364.0	5588.379	29636.0	6845.6045	
520	2905.0	544.7873	1.0	1.0	32073.0	6831.744	1.0	1.0	25367.0	5589.0986	29653.0	6849.4487	
521	2872.0	538.10736	1.0	1.0	32087.0	6834.4307	1.0	1.0	25365.0	5589.2886	29674.0	6853.2515	
522	2832.0	530.2786	1.0	1.0	32107.0	6837.661	1.0	1.0	25372.0	5590.97	29687.0	6856.169	
523	2811.0	526.4964	1.0	1.0	32109.0	6837.397	1.0	1.0	25376.0	5592.06	29702.0	6859.1245	
524	2790.0	522.4229	1.0	1.0	32116.0	6838.1	1.0	1.0	25372.0	5591.92	29720.0	6862.6353	
525	2767.0	517.9848	1.0	1.0	32127.0	6840.668	1.0	1.0	25370.0	5592.0117	29734.0	6864.414	
526	2745.0	513.8777	1.0	1.0	32134.0	6841.615	1.0	1.0	25367.0	5591.959	29752.0	6867.627	
527	2719.0	509.01382	1.0	1.0	32145.0	6843.269	1.0	1.0	25368.0	5592.8604	29766.0	6869.9365	
528	2698.0	504.0267	1.0	1.0	32151.0	6844.355	1.0	1.0	25368.0	5593.2485	29781.0	6873.4487	
529	2668.0	498.10532	1.0	1.0	32158.0	6845.9473	1.0	1.0	25371.0	5593.749	29801.0	6877.278	
530	2639.0	490.98145	1.0	1.0	32169.0	6848.498	1.0	1.0	25368.0	5593.989	29822.0	6881.609	
531	2614.0	486.2118	1.0	1.0	32177.0	6850.367	1.0	1.0	25370.0	5594.6714	29837.0	6883.8276	
532	2593.0	481.303	1.0	1.0	32181.0	6851.306	1.0	1.0	25361.0	5593.9062	29863.0	6888.5605	
533	2560.0	475.42807	1.0	1.0	32197.0	6853.71	1.0	1.0	25361.0	5594.0806	29880.0	6891.8584	
534	2538.0	470.68375	1.0	1.0	32205.0	6854.6274	1.0	1.0	25358.0	5594.553	29897.0	6895.214	
535	2507.0	464.25656	1.0	1.0	32217.0	6856.8584	1.0	1.0	25354.0	5594.1924	29920.0	6899.7705	
536	2483.0	460.22803	1.0	1.0	32228.0	6858.4937	1.0	1.0	25352.0	5593.9536	29935.0	6902.4033	
537	2445.0	452.77542	1.0	1.0	32241.0	6861.0234	1.0	1.0	25357.0	5595.463	29955.0	6905.819	
538	2419.0	447.5052	1.0	1.0	32252.0	6862.543	1.0	1.0	25352.0	5595.3916	29975.0	6909.6396	
539	2397.0	443.74542	1.0	1.0	32257.0	6863.1826	1.0	1.0	25346.0	5594.957	29998.0	6913.1953	
540	2372.0	438.40012	1.0	1.0	32270.0	6865.803	1.0	1.0	25342.0	5594.929	30014.0	6915.9487	
541	2347.0	433.1686	1.0	1.0	32272.0	6866.5024	1.0	1.0	25334.0	5594.261	30045.0	6921.1504	
542	2323.0	428.57465	1.0	1.0	32279.0	6867.6006	1.0	1.0	25334.0	5594.6343	30062.0	6924.2725	
543	2303.0	424.7839	1.0	1.0	32284.0	6868.302	1.0	1.0	25328.0	5594.121	30083.0	6927.875	
544	2272.0	418.80594	1.0	1.0	32293.0	6869.539	1.0	1.0	25329.0	5594.3057	30104.0	6932.431	
545	2245.0	413.8715	1.0	1.0	32303.0	6870.685	1.0	1.0	25318.0	5593.6055	30132.0	6936.9194	
546	2221.0	409.6733	1.0	1.0	32311.0	6871.396	1.0	1.0	25307.0	5592.862	30159.0	6941.1514	
547	2191.0	404.8691	1.0	1.0	32316.0	6871.763	1.0	1.0	25302.0	5592.32	30189.0	6946.1304	
548	2170.0	401.69833	1.0	1.0	32324.0	6872.827	1.0	1.0	25297.0	5591.9507	30207.0	6948.607	
549	2156.0	398.2705	1.0	1.0	32322.0	6872.3994	1.0	1.0	25287.0	5591.556	30233.0	6952.8574	
550	2139.0	394.61218	1.0	1.0	32321.0	6872.4478	1.0	1.0	25274.0	5590.5127	30264.0	6957.511	
551	2120.0	391.28238	1.0	1.0	32325.0	6873.05	1.0	1.0	25261.0	5589.4194	30292.0	6961.333	
552	2099.0	386.95053	1.0	1.0	32332.0	6874.5273	1.0	1.0	25252.0	5589.36	30315.0	6964.2476	
553	2076.0	382.26877	1.0	1.0	32342.0	6876.6094	1.0	1.0	25238.0	5587.7754	30342.0	6968.4316	
554	2056.0	379.01694	1.0	1.0	32350.0	6877.5376	1.0	1.0	25229.0	5587.108	30363.0	6971.4224	
555	2033.0	374.5845	1.0	1.0	32359.0	6878.878	1.0	1.0	25211.0	5586.033	30395.0	6975.589	
556	2024.0	373.1011	1.0	1.0	32359.0	6878.556	1.0	1.0	25199.0	5584.568	30416.0	6978.8594	
557	2007.0	369.9465	1.0	1.0	32366.0	6879.3916	1.0	1.0	25182.0	5582.539	30443.0	6983.2085	
558	1982.0	365.20456	1.0	1.0	32375.0	6880.437	1.0	1.0	25170.0	5581.9795	30471.0	6987.464	
559	1963.0	361.65714	1.0	1.0	32381.0	6881.2544	1.0	1.0	25154.0	5580.2334	30500.0	6991.9395	
560	1941.0	357.62018	1.0	1.0	32390.0	6882.7695	1.0	1.0	25137.0	5579.1875	30530.0	6995.505	
561	1924.0	354.17352	1.0	1.0	32393.0	6883.192	1.0	1.0	25122.0	5577.5605	30559.0	7000.1567	
562	1903.0	350.1014	1.0	1.0	32398.0	6884.124	1.0	1.0	25103.0	5575.341	30594.0	7005.517	
563	1875.0	344.2935	1.0	1.0	32408.0	6886.1416	1.0	1.0	25088.0	5573.6484	30627.0	7010.999	
564	1867.0	342.90994	1.0	1.0	32412.0	6886.8486	1.0	1.0	25075.0	5572.075	30644.0	7013.2495	
565	1857.0	341.06512	1.0	1.0	32417.0	6887.7373	1.0	1.0	25061.0	5570.093	30663.0	7016.1885	
566	1837.0	337.5	1.0	1.0	32420.0	6887.7886	1.0	1.0	25042.0	5568.1104	30699.0	7021.685	
567	1817.0	333.5783	1.0	1.0	32427.0	6889.657	1.0	1.0	25024.0	5566.236	30730.0	7025.6147	
568	1789.0	327.3485	1.0	1.0	32431.0	6890.7603	1.0	1.0	25012.0	5565.0425	30766.0	7031.9336	
569	1769.0	323.6758	1.0	1.0	32436.0	6892.4644	1.0	1.0	24999.0	5563.472	30794.0	7035.4727	
570	1755.0	321.10275	1.0	1.0	32437.0	6892.938	1.0	1.0	24986.0	5561.7705	30820.0	7039.276	
571	1736.0	318.01923	1.0	1.0	32442.0	6894.1797	1.0	1.0	24975.0	5560.07	30845.0	7042.8184	
572	1728.0	316.56146	1.0	1.0	32441.0	6894.055	1.0	1.0	24967.0	5559.448	30862.0	7045.022	
573	1715.0	314.36566	1.0	1.0	32440.0	6894.316	1.0	1.0	24957.0	5558.298	30886.0	7048.108	
574	1702.0	312.33777	1.0	1.0	32440.0	6894.4736	1.0	1.0	24948.0	5556.7017	30908.0	7051.575	
575	1686.0	309.23196	1.0	1.0	32441.0	6895.006	1.0	1.0	24941.0	5556.5933	30930.0	7054.257	
576	1674.0	306.59985	1.0	1.0	32445.0	6895.782	1.0	1.0	24938.0	5556.9272	30941.0	7055.779	
577	1660.0	303.52417	1.0	1.0	32445.0	6896.19	1.0	1.0	24927.0	5555.304	30966.0	7060.0703	
578	1651.0	301.98148	1.0	1.0	32443.0	6896.031	1.0	1.0	24913.0	5553.5615	30991.0	7063.516	
579	1633.0	298.8758	1.0	1.0	32444.0	6896.471	1.0	1.0	24908.0	5553.1035	31013.0	7066.6396	
580	1616.0	295.97446	1.0	1.0	32444.0	6896.7446	1.0	1.0	24901.0	5552.3755	31037.0	7069.9966	
581	1602.0	293.17703	1.0	1.0	32442.0	6896.875	1.0	1.0	24895.0	5551.831	31059.0	7073.208	
582	1588.0	291.4106	1.0	1.0	32440.0	6896.76	1.0	1.0	24886.0	5550.603	31084.0	7076.32	
583	1575.0	288.72043	1.0	1.0	32438.0	6897.119	1.0	1.0	24875.0	5549.099	31110.0	7080.1553	
584	1568.0	287.6314	1.0	1.0	32434.0	6896.922	1.0	1.0	24859.0	5546.9785	31137.0	7083.5635	
585	1547.0	284.37695	1.0	1.0	32441.0	6898.427	1.0	1.0	24853.0	5545.973	31157.0	7086.317	
586	1535.0	282.71533	1.0	1.0	32440.0	6898.1724	1.0	1.0	24842.0	5544.6025	31181.0	7089.604	
587	1520.0	280.06964	1.0	1.0	32438.0	6898.9683	1.0	1.0	24833.0	5543.548	31207.0	7092.509	
588	1506.0	277.49335	1.0	1.0	32432.0	6898.124	1.0	1.0	24828.0	5542.976	31232.0	7096.503	
589	1488.0	274.36728	1.0	1.0	32436.0	6898.763	1.0	1.0	24812.0	5540.868	31262.0	7101.0986	
590	1464.0	269.75903	1.0	1.0	32440.0	6899.4897	1.0	1.0	24800.0	5540.0894	31294.0	7105.7593	
591	1447.0	266.88113	1.0	1.0	32445.0	6900.618	1.0	1.0	24783.0	5537.3774	31323.0	7110.2197	
592	1432.0	263.62967	1.0	1.0	32445.0	6900.6504	1.0	1.0	24765.0	5535.149	31356.0	7115.6685	
593	1413.0	260.32974	1.0	1.0	32448.0	6901.257	1.0	1.0	24750.0	5532.9414	31387.0	7120.5693	
594	1400.0	257.72	1.0	1.0	32446.0	6901.3594	1.0	1.0	24729.0	5530.537	31423.0	7125.479	
595	1388.0	255.63248	1.0	1.0	32444.0	6901.144	1.0	1.0	24715.0	5528.2314	31451.0	7130.0874	
596	1367.0	251.3202	1.0	1.0	32444.0	6901.771	1.0	1.0	24702.0	5526.579	31485.0	7135.4272	
597	1358.0	249.43309	1.0	1.0	32441.0	6901.468	1.0	1.0	24688.0	5525.1465	31511.0	7139.0522	
598	1345.0	246.71092	1.0	1.0	32445.0	6902.7593	1.0	1.0	24666.0	5522.3433	31542.0	7143.287	
599	1331.0	243.77184	1.0	1.0	32446.0	6903.0596	1.0	1.0	24647.0	5519.9263	31574.0	7148.3423	
600	1314.0	241.24783	1.0	1.0	32447.0	6903.1504	1.0	1.0	24634.0	5518.578	31603.0	7152.1235	
601	1294.0	237.80403	1.0	1.0	32454.0	6904.276	1.0	1.0	24620.0	5517.1147	31630.0	7155.9043	
602	1283.0	236.37688	1.0	1.0	32453.0	6904.0537	1.0	1.0	24603.0	5514.6494	31659.0	7160.0176	
603	1274.0	234.59586	1.0	1.0	32455.0	6904.152	1.0	1.0	24582.0	5511.7544	31687.0	7164.5957	
604	1264.0	232.64803	1.0	1.0	32453.0	6904.106	1.0	1.0	24560.0	5509.234	31721.0	7169.11	
605	1252.0	230.25748	1.0	1.0	32458.0	6904.9365	1.0	1.0	24541.0	5506.9785	31747.0	7172.9253	
606	1237.0	227.1818	1.0	1.0	32462.0	6906.233	1.0	1.0	24519.0	5504.3228	31780.0	7177.3604	
607	1228.0	225.0629	1.0	1.0	32467.0	6907.48	1.0	1.0	24499.0	5502.138	31804.0	7180.418	
608	1218.0	222.83836	1.0	1.0	32468.0	6907.999	1.0	1.0	24484.0	5500.373	31828.0	7183.8877	
609	1213.0	221.30948	1.0	1.0	32467.0	6908.5146	1.0	1.0	24462.0	5497.9004	31856.0	7187.373	
610	1199.0	219.5126	1.0	1.0	32470.0	6908.805	1.0	1.0	24444.0	5495.6597	31885.0	7191.12	
611	1186.0	217.42903	1.0	1.0	32474.0	6909.413	1.0	1.0	24422.0	5493.121	31916.0	7195.1343	
612	1183.0	216.60106	1.0	1.0	32471.0	6909.176	1.0	1.0	24399.0	5490.61	31945.0	7198.7114	
613	1174.0	214.90944	1.0	1.0	32472.0	6909.754	1.0	1.0	24374.0	5487.8057	31978.0	7202.629	
614	1161.0	212.38869	1.0	1.0	32473.0	6910.248	1.0	1.0	24356.0	5485.677	32008.0	7206.7856	
615	1146.0	209.63936	1.0	1.0	32477.0	6911.3203	1.0	1.0	24342.0	5483.696	32033.0	7210.444	
616	1135.0	207.23625	1.0	1.0	32477.0	6911.16	1.0	1.0	24327.0	5482.279	32059.0	7214.4243	
617	1126.0	205.15788	1.0	1.0	32481.0	6912.3643	1.0	1.0	24306.0	5480.0264	32085.0	7217.549	
618	1117.0	203.27992	1.0	1.0	32482.0	6912.612	1.0	1.0	24290.0	5478.587	32109.0	7220.6196	
619	1105.0	201.71759	1.0	1.0	32483.0	6912.6025	1.0	1.0	24275.0	5476.9326	32135.0	7223.846	
620	1093.0	199.32938	1.0	1.0	32486.0	6913.4243	1.0	1.0	24255.0	5474.741	32164.0	7227.6016	
621	1080.0	196.03442	1.0	1.0	32485.0	6913.7627	1.0	1.0	24231.0	5471.49	32202.0	7233.809	
622	1069.0	194.27647	1.0	1.0	32487.0	6914.1167	1.0	1.0	24213.0	5469.5127	32229.0	7237.1904	
623	1059.0	192.17601	1.0	1.0	32490.0	6914.6323	1.0	1.0	24195.0	5467.5254	32254.0	7240.7617	
624	1053.0	191.24152	1.0	1.0	32490.0	6914.631	1.0	1.0	24176.0	5465.3696	32279.0	7243.853	
625	1035.0	187.5266	1.0	1.0	32492.0	6915.2285	1.0	1.0	24169.0	5465.441	32302.0	7246.9	
626	1027.0	185.94176	1.0	1.0	32492.0	6915.1997	1.0	1.0	24154.0	5464.045	32325.0	7249.91	
627	1016.0	184.22148	1.0	1.0	32494.0	6915.352	1.0	1.0	24137.0	5462.232	32351.0	7253.2915	
628	1001.0	181.43253	1.0	1.0	32494.0	6915.4194	1.0	1.0	24124.0	5460.8945	32379.0	7257.3496	
629	992.0	180.33913	1.0	1.0	32493.0	6915.0938	1.0	1.0	24110.0	5459.2427	32403.0	7260.422	
630	981.0	178.18549	1.0	1.0	32494.0	6915.295	1.0	1.0	24091.0	5456.6226	32432.0	7264.9946	
631	973.0	177.14207	1.0	1.0	32492.0	6914.8394	1.0	1.0	24069.0	5454.0806	32464.0	7269.034	
632	964.0	175.44255	1.0	1.0	32489.0	6914.241	1.0	1.0	24053.0	5451.6226	32492.0	7273.79	
633	955.0	173.54124	1.0	1.0	32487.0	6914.259	1.0	1.0	24040.0	5449.942	32516.0	7277.3555	
634	944.0	171.14471	1.0	1.0	32487.0	6914.1064	1.0	1.0	24026.0	5448.509	32541.0	7281.3374	
635	939.0	170.18806	1.0	1.0	32480.0	6913.0503	1.0	1.0	24013.0	5447.006	32566.0	7284.854	
636	929.0	168.39284	1.0	1.0	32479.0	6912.9653	1.0	1.0	23995.0	5444.2993	32595.0	7289.44	
637	922.0	167.21455	1.0	1.0	32475.0	6912.1055	1.0	1.0	23979.0	5442.626	32622.0	7293.1514	
638	912.0	165.62872	1.0	1.0	32471.0	6911.1387	1.0	1.0	23962.0	5440.4214	32653.0	7297.91	
639	908.0	164.93283	1.0	1.0	32469.0	6910.9565	1.0	1.0	23945.0	5438.3105	32676.0	7300.897	
640	902.0	163.60062	1.0	1.0	32462.0	6909.78	1.0	1.0	23931.0	5436.6655	32703.0	7305.0513	
641	894.0	162.31337	1.0	1.0	32460.0	6909.187	1.0	1.0	23913.0	5434.2944	32731.0	7309.3022	
642	888.0	160.99193	1.0	1.0	32456.0	6908.449	1.0	1.0	23894.0	5432.124	32760.0	7313.5327	
643	874.0	158.93639	1.0	1.0	32453.0	6907.3784	1.0	1.0	23877.0	5430.6304	32794.0	7318.1533	
644	865.0	157.30734	1.0	1.0	32447.0	6906.1064	1.0	1.0	23862.0	5429.5513	32824.0	7322.131	
645	859.0	156.12848	1.0	1.0	32446.0	6906.009	1.0	1.0	23842.0	5427.2095	32851.0	7325.748	
646	851.0	154.92982	1.0	1.0	32446.0	6905.9453	1.0	1.0	23826.0	5424.893	32875.0	7329.3286	
647	840.0	152.49416	1.0	1.0	32443.0	6905.2686	1.0	1.0	23808.0	5423.364	32907.0	7333.9697	
648	834.0	151.82018	1.0	1.0	32442.0	6904.7915	1.0	1.0	23791.0	5421.6333	32931.0	7336.852	
649	821.0	149.3818	1.0	1.0	32439.0	6904.264	1.0	1.0	23777.0	5420.335	32961.0	7341.1167	
650	814.0	147.79962	1.0	1.0	32437.0	6904.1694	1.0	1.0	23759.0	5418.3223	32988.0	7344.8047	
651	810.0	147.00711	1.0	1.0	32433.0	6903.3975	1.0	1.0	23740.0	5416.0317	33015.0	7348.66	
652	803.0	145.76251	1.0	1.0	32428.0	6902.333	1.0	1.0	23725.0	5414.741	33042.0	7352.2607	
653	796.0	143.8002	1.0	1.0	32427.0	6902.6113	1.0	1.0	23708.0	5413.184	33067.0	7355.5024	
654	790.0	143.30498	1.0	1.0	32424.0	6901.506	1.0	1.0	23692.0	5411.1157	33092.0	7359.173	
655	783.0	142.19554	1.0	1.0	32425.0	6901.276	1.0	1.0	23675.0	5409.5083	33115.0	7362.1196	
656	766.0	138.92987	1.0	1.0	32429.0	6902.6265	1.0	1.0	23658.0	5407.7876	33145.0	7365.7593	
657	762.0	138.33723	1.0	1.0	32427.0	6902.1475	1.0	1.0	23640.0	5405.462	33169.0	7369.1553	
658	755.0	136.99402	1.0	1.0	32421.0	6901.3184	1.0	1.0	23626.0	5404.267	33196.0	7372.5215	
659	748.0	135.98276	1.0	1.0	32419.0	6900.4976	1.0	1.0	23608.0	5402.326	33223.0	7376.294	
660	740.0	134.29536	1.0	1.0	32420.0	6900.938	1.0	1.0	23588.0	5399.691	33250.0	7380.176	
661	734.0	133.56145	1.0	1.0	32418.0	6899.834	1.0	1.0	23572.0	5398.276	33274.0	7383.4287	
662	727.0	132.73836	1.0	1.0	32415.0	6898.6953	1.0	1.0	23553.0	5395.95	33303.0	7387.716	
663	717.0	130.43361	1.0	1.0	32408.0	6897.4277	1.0	1.0	23537.0	5393.942	33336.0	7393.2983	
664	712.0	129.44005	1.0	1.0	32406.0	6896.8677	1.0	1.0	23520.0	5392.532	33360.0	7396.262	
665	707.0	128.84917	1.0	1.0	32403.0	6895.7993	1.0	1.0	23503.0	5390.2456	33385.0	7400.2085	
666	698.0	126.96296	1.0	1.0	32400.0	6895.0527	1.0	1.0	23491.0	5389.273	33409.0	7403.8145	
667	691.0	125.4426	1.0	1.0	32393.0	6893.618	1.0	1.0	23481.0	5388.83	33433.0	7407.213	
668	684.0	123.7871	1.0	1.0	32389.0	6892.79	1.0	1.0	23467.0	5388.0005	33458.0	7410.5244	
669	678.0	122.48079	1.0	1.0	32385.0	6891.8784	1.0	1.0	23451.0	5386.5894	33484.0	7414.151	
670	666.0	120.114815	1.0	1.0	32381.0	6890.8223	1.0	1.0	23437.0	5385.12	33514.0	7419.044	
671	658.0	118.80245	1.0	1.0	32379.0	6889.937	1.0	1.0	23422.0	5383.9546	33539.0	7422.4087	
672	655.0	118.459274	1.0	1.0	32374.0	6888.711	1.0	1.0	23409.0	5382.1704	33560.0	7425.762	
673	648.0	116.937035	1.0	1.0	32373.0	6888.4116	1.0	1.0	23394.0	5380.7676	33583.0	7428.9873	
674	641.0	115.80929	1.0	1.0	32368.0	6887.232	1.0	1.0	23384.0	5380.1016	33605.0	7431.962	
675	634.0	114.48089	1.0	1.0	32361.0	6886.008	1.0	1.0	23367.0	5378.7773	33636.0	7435.84	
676	622.0	112.37482	1.0	1.0	32348.0	6883.5674	1.0	1.0	23358.0	5378.048	33670.0	7441.114	
677	617.0	111.21073	1.0	1.0	32339.0	6882.0117	1.0	1.0	23345.0	5376.9014	33697.0	7444.9805	
678	609.0	109.90398	1.0	1.0	32331.0	6880.7217	1.0	1.0	23331.0	5375.5337	33727.0	7448.947	
679	602.0	108.9216	1.0	1.0	32324.0	6879.1094	1.0	1.0	23320.0	5374.5537	33752.0	7452.5215	
680	597.0	107.945854	1.0	1.0	32317.0	6877.589	1.0	1.0	23308.0	5373.5527	33776.0	7456.0195	
681	594.0	107.423805	1.0	1.0	32311.0	6876.3027	1.0	1.0	23297.0	5372.678	33796.0	7458.702	
682	588.0	106.25314	1.0	1.0	32307.0	6875.5547	1.0	1.0	23282.0	5371.157	33821.0	7462.144	
683	580.0	105.20486	1.0	1.0	32305.0	6874.683	1.0	1.0	23274.0	5370.497	33839.0	7464.723	
684	575.0	104.21532	1.0	1.0	32300.0	6873.281	1.0	1.0	23258.0	5369.2246	33865.0	7468.388	
685	569.0	103.32122	1.0	1.0	32297.0	6872.2163	1.0	1.0	23241.0	5367.445	33891.0	7472.1255	
686	557.0	101.43998	1.0	1.0	32293.0	6871.0474	1.0	1.0	23223.0	5365.735	33925.0	7476.886	
687	554.0	100.82687	1.0	1.0	32283.0	6868.631	1.0	1.0	23207.0	5364.8047	33954.0	7480.846	
688	549.0	99.96372	1.0	1.0	32272.0	6865.92	1.0	1.0	23194.0	5363.256	33983.0	7485.9683	
689	547.0	99.731995	1.0	1.0	32263.0	6863.6953	1.0	1.0	23178.0	5361.8003	34010.0	7489.8813	
690	543.0	98.98915	1.0	1.0	32257.0	6862.048	1.0	1.0	23162.0	5360.4736	34036.0	7493.5986	
691	538.0	98.33381	1.0	1.0	32249.0	6859.7236	1.0	1.0	23144.0	5358.446	34067.0	7498.609	
692	534.0	97.70301	1.0	1.0	32244.0	6858.0977	1.0	1.0	23127.0	5356.5103	34093.0	7502.801	
693	530.0	96.36608	1.0	1.0	32238.0	6856.482	1.0	1.0	23108.0	5354.472	34122.0	7507.7935	
694	528.0	96.11443	1.0	1.0	32227.0	6853.63	1.0	1.0	23087.0	5352.102	34156.0	7513.2666	
695	521.0	95.26575	1.0	1.0	32221.0	6851.558	1.0	1.0	23069.0	5349.671	34187.0	7518.6196	
696	517.0	94.582664	1.0	1.0	32217.0	6850.182	1.0	1.0	23046.0	5346.8623	34218.0	7523.4854	
697	512.0	93.33438	1.0	1.0	32213.0	6848.9014	1.0	1.0	23025.0	5343.876	34248.0	7529.001	
698	507.0	92.49528	1.0	1.0	32207.0	6847.098	1.0	1.0	23011.0	5341.987	34273.0	7533.532	
699	503.0	91.36903	1.0	1.0	32200.0	6845.067	1.0	1.0	22992.0	5339.4995	34303.0	7539.175	
700	495.0	89.98849	1.0	1.0	32197.0	6843.529	1.0	1.0	22978.0	5337.575	34328.0	7544.015	
701	491.0	89.02809	1.0	1.0	32191.0	6841.888	1.0	1.0	22963.0	5335.871	34353.0	7548.32	
702	482.0	87.47076	1.0	1.0	32189.0	6840.8696	1.0	1.0	22947.0	5334.4805	34380.0	7552.2837	
703	477.0	86.21227	1.0	1.0	32187.0	6840.2515	1.0	1.0	22923.0	5331.3037	34411.0	7557.3374	
704	472.0	85.67762	1.0	1.0	32182.0	6838.5107	1.0	1.0	22908.0	5329.039	34436.0	7561.8794	
705	470.0	85.476006	1.0	1.0	32177.0	6837.267	1.0	1.0	22881.0	5325.2573	34470.0	7567.108	
706	463.0	84.31736	1.0	1.0	32180.0	6837.6733	1.0	1.0	22863.0	5323.4795	34492.0	7569.6387	
707	459.0	83.995766	1.0	1.0	32177.0	6836.2485	1.0	1.0	22845.0	5320.868	34517.0	7573.996	
708	453.0	82.74895	1.0	1.0	32176.0	6835.6724	1.0	1.0	22822.0	5317.622	34547.0	7579.066	
709	450.0	81.96984	1.0	1.0	32171.0	6834.0273	1.0	1.0	22804.0	5314.788	34573.0	7584.3237	
710	448.0	81.49104	1.0	1.0	32166.0	6832.383	1.0	1.0	22785.0	5312.5825	34599.0	7588.6543	
711	445.0	80.95694	1.0	1.0	32158.0	6830.079	1.0	1.0	22767.0	5310.015	34628.0	7594.0596	
712	439.0	80.00808	1.0	1.0	32155.0	6828.728	1.0	1.0	22749.0	5306.5015	34655.0	7599.874	
713	436.0	79.44048	1.0	1.0	32153.0	6827.785	1.0	1.0	22734.0	5304.778	34675.0	7603.109	
714	435.0	79.13605	1.0	1.0	32152.0	6827.456	1.0	1.0	22710.0	5301.1855	34701.0	7607.3335	
715	432.0	78.21162	1.0	1.0	32147.0	6826.0347	1.0	1.0	22691.0	5298.119	34728.0	7612.743	
716	430.0	77.78319	1.0	1.0	32139.0	6823.6514	1.0	1.0	22673.0	5295.448	34756.0	7618.227	
717	427.0	77.240845	1.0	1.0	32136.0	6822.7754	1.0	1.0	22655.0	5293.737	34780.0	7621.3555	
718	424.0	76.73217	1.0	1.0	32129.0	6820.5166	1.0	1.0	22634.0	5290.7656	34811.0	7627.094	
719	421.0	76.171	1.0	1.0	32123.0	6818.786	1.0	1.0	22617.0	5288.161	34837.0	7631.9893	
720	416.0	75.39311	1.0	1.0	32117.0	6816.618	1.0	1.0	22598.0	5285.0425	34867.0	7638.053	
721	415.0	75.277756	1.0	1.0	32111.0	6814.747	1.0	1.0	22576.0	5282.1045	34896.0	7642.979	
722	407.0	73.5877	1.0	1.0	32111.0	6814.2363	1.0	1.0	22555.0	5279.131	34925.0	7648.1553	
723	404.0	72.949295	1.0	1.0	32111.0	6813.832	1.0	1.0	22540.0	5276.3076	34943.0	7652.023	
724	402.0	72.479515	1.0	1.0	32104.0	6811.884	1.0	1.0	22520.0	5273.7095	34972.0	7657.0376	
725	396.0	70.93055	1.0	1.0	32100.0	6810.3843	1.0	1.0	22501.0	5271.4185	35001.0	7662.377	
726	392.0	69.77193	1.0	1.0	32097.0	6809.459	1.0	1.0	22485.0	5269.8247	35024.0	7666.056	
727	387.0	68.95791	1.0	1.0	32092.0	6808.1455	1.0	1.0	22469.0	5267.2583	35050.0	7670.7505	
728	380.0	67.73888	1.0	1.0	32086.0	6806.4404	1.0	1.0	22452.0	5264.9443	35080.0	7675.9893	
729	377.0	67.311264	1.0	1.0	32079.0	6804.5063	1.0	1.0	22437.0	5263.334	35105.0	7679.9614	
730	372.0	66.28877	1.0	1.0	32073.0	6803.0283	1.0	1.0	22422.0	5261.578	35131.0	7684.2173	
731	371.0	66.210594	1.0	1.0	32066.0	6801.306	1.0	1.0	22398.0	5257.7188	35163.0	7689.8774	
732	366.0	65.181175	1.0	1.0	32064.0	6800.1323	1.0	1.0	22376.0	5254.722	35192.0	7695.0747	
733	365.0	65.15416	1.0	1.0	32059.0	6798.64	1.0	1.0	22357.0	5251.8193	35217.0	7699.498	
734	361.0	63.85744	1.0	1.0	32053.0	6797.089	1.0	1.0	22338.0	5249.818	35246.0	7704.3477	
735	358.0	63.094547	1.0	1.0	32048.0	6795.846	1.0	1.0	22321.0	5247.5713	35271.0	7708.5996	
736	351.0	62.443928	1.0	1.0	32045.0	6794.5	1.0	1.0	22305.0	5245.1577	35297.0	7713.01	
737	348.0	62.25184	1.0	1.0	32039.0	6792.6406	1.0	1.0	22287.0	5242.2617	35324.0	7717.956	
738	346.0	61.791656	1.0	1.0	32032.0	6790.6763	1.0	1.0	22268.0	5239.743	35352.0	7722.899	
739	342.0	61.33376	1.0	1.0	32029.0	6789.7974	1.0	1.0	22249.0	5236.4443	35378.0	7727.5327	
740	338.0	60.68878	1.0	1.0	32022.0	6787.768	1.0	1.0	22231.0	5233.717	35407.0	7732.9346	
741	336.0	60.151546	1.0	1.0	32016.0	6786.8306	1.0	1.0	22209.0	5230.6562	35437.0	7737.469	
742	333.0	59.777042	1.0	1.0	32015.0	6786.5396	1.0	1.0	22189.0	5227.5947	35461.0	7741.1953	
743	331.0	59.540165	1.0	1.0	32007.0	6784.6826	1.0	1.0	22171.0	5225.4233	35489.0	7745.4595	
744	330.0	59.423035	1.0	1.0	32004.0	6783.6216	1.0	1.0	22155.0	5222.5347	35509.0	7749.5273	
745	326.0	58.75749	1.0	1.0	31999.0	6782.1006	1.0	1.0	22137.0	5219.9067	35536.0	7754.3438	
746	320.0	57.749733	1.0	1.0	31994.0	6780.4897	1.0	1.0	22118.0	5217.072	35566.0	7759.7983	
747	316.0	56.73215	1.0	1.0	31991.0	6779.7695	1.0	1.0	22099.0	5214.031	35592.0	7764.578	
748	305.0	54.626003	1.0	1.0	31987.0	6778.455	1.0	1.0	22084.0	5210.9873	35622.0	7771.0425	
749	301.0	54.052925	1.0	1.0	31982.0	6777.0728	1.0	1.0	22067.0	5208.2495	35648.0	7775.7354	
750	298.0	53.383343	1.0	1.0	31975.0	6775.3438	1.0	1.0	22047.0	5203.889	35678.0	7782.494	
751	296.0	53.15312	1.0	1.0	31968.0	6773.839	1.0	1.0	22024.0	5199.9033	35710.0	7788.216	
752	291.0	52.430813	1.0	1.0	31963.0	6772.831	1.0	1.0	22000.0	5195.3755	35744.0	7794.474	
753	285.0	51.536224	1.0	1.0	31958.0	6771.3364	1.0	1.0	21986.0	5192.5674	35769.0	7799.6694	
754	285.0	51.536224	1.0	1.0	31951.0	6770.061	1.0	1.0	21969.0	5189.3096	35793.0	7804.2007	
755	283.0	51.141438	1.0	1.0	31941.0	6768.0864	1.0	1.0	21955.0	5187.4985	35819.0	7808.382	
756	281.0	50.68295	1.0	1.0	31937.0	6767.302	1.0	1.0	21939.0	5184.492	35841.0	7812.633	
757	277.0	50.04313	1.0	1.0	31934.0	6766.5215	1.0	1.0	21925.0	5181.841	35862.0	7816.7036	
758	274.0	49.194748	1.0	1.0	31929.0	6765.81	1.0	1.0	21904.0	5177.931	35891.0	7822.1743	
759	272.0	48.896942	1.0	1.0	31924.0	6764.715	1.0	1.0	21882.0	5174.546	35920.0	7826.9517	
760	269.0	48.33313	1.0	1.0	31919.0	6763.826	1.0	1.0	21863.0	5172.112	35947.0	7830.841	
761	265.0	47.285156	1.0	1.0	31915.0	6763.0894	1.0	1.0	21839.0	5168.1514	35979.0	7836.5864	
762	264.0	46.844143	1.0	1.0	31907.0	6761.5024	1.0	1.0	21810.0	5162.159	36017.0	7844.604	
763	260.0	46.40111	1.0	1.0	31903.0	6760.6724	1.0	1.0	21789.0	5157.7354	36046.0	7850.302	
764	260.0	46.40111	1.0	1.0	31894.0	6758.703	1.0	1.0	21769.0	5153.9834	36075.0	7856.0215	
765	257.0	46.14563	1.0	1.0	31888.0	6757.1025	1.0	1.0	21744.0	5148.929	36109.0	7862.9316	
766	254.0	45.466805	1.0	1.0	31882.0	6756.136	1.0	1.0	21722.0	5144.632	36140.0	7868.8735	
767	253.0	45.353256	1.0	1.0	31874.0	6754.6997	1.0	1.0	21700.0	5140.411	36171.0	7874.6445	
768	248.0	44.40198	1.0	1.0	31871.0	6753.7417	1.0	1.0	21676.0	5135.6333	36203.0	7881.332	
769	246.0	44.047398	1.0	1.0	31866.0	6752.5166	1.0	1.0	21654.0	5131.203	36232.0	7887.341	
770	244.0	43.75281	1.0	1.0	31864.0	6751.9736	1.0	1.0	21636.0	5128.0947	36254.0	7891.287	
771	241.0	43.431217	1.0	1.0	31860.0	6750.937	1.0	1.0	21613.0	5124.3926	36284.0	7896.349	
772	236.0	42.198784	1.0	1.0	31854.0	6749.8325	1.0	1.0	21594.0	5121.6865	36314.0	7901.3936	
773	234.0	41.73444	1.0	1.0	31847.0	6748.6807	1.0	1.0	21566.0	5117.142	36351.0	7907.557	
774	231.0	40.59985	1.0	1.0	31843.0	6748.386	1.0	1.0	21536.0	5111.867	36388.0	7914.261	
775	229.0	40.165638	1.0	1.0	31838.0	6747.343	1.0	1.0	21504.0	5105.0103	36427.0	7922.596	
776	227.0	39.72269	1.0	1.0	31835.0	6746.7515	1.0	1.0	21479.0	5099.6304	36457.0	7929.0093	
777	226.0	39.57883	1.0	1.0	31832.0	6746.1743	1.0	1.0	21459.0	5094.872	36481.0	7934.4883	
778	225.0	39.54693	1.0	1.0	31828.0	6745.266	1.0	1.0	21428.0	5089.094	36517.0	7941.205	
779	224.0	39.378754	1.0	1.0	31824.0	6744.5293	1.0	1.0	21390.0	5083.1704	36560.0	7948.033	
780	220.0	38.62614	1.0	1.0	31822.0	6744.075	1.0	1.0	21353.0	5075.38	36603.0	7957.0317	
781	219.0	38.27093	1.0	1.0	31820.0	6743.769	1.0	1.0	21303.0	5065.248	36656.0	7967.8247	
782	215.0	37.804638	1.0	1.0	31820.0	6743.5127	1.0	1.0	21246.0	5053.7666	36717.0	7980.028	
783	213.0	37.21754	1.0	1.0	31819.0	6743.414	1.0	1.0	21182.0	5039.7275	36784.0	7994.7524	
784	212.0	37.17083	1.0	1.0	31818.0	6743.0396	1.0	1.0	21117.0	5026.5854	36851.0	8008.316	
785	210.0	36.772556	1.0	1.0	31816.0	6742.6113	1.0	1.0	21039.0	5010.1895	36933.0	8025.5386	
786	206.0	35.901608	1.0	1.0	31817.0	6742.619	1.0	1.0	20961.0	4995.404	37014.0	8041.1865	
787	204.0	35.540108	1.0	1.0	31815.0	6742.253	1.0	1.0	20878.0	4976.7593	37101.0	8060.5576	
788	202.0	34.94444	1.0	1.0	31811.0	6741.331	1.0	1.0	20798.0	4958.823	37187.0	8080.0103	
789	202.0	34.94444	1.0	1.0	31808.0	6740.6855	1.0	1.0	20721.0	4939.7114	37267.0	8099.768	
790	200.0	34.79812	1.0	1.0	31808.0	6740.403	1.0	1.0	20645.0	4922.384	37345.0	8117.5234	
791	198.0	34.55063	1.0	1.0	31806.0	6739.752	1.0	1.0	20571.0	4905.274	37423.0	8135.532	
792	197.0	34.441677	1.0	1.0	31804.0	6739.232	1.0	1.0	20489.0	4886.4766	37508.0	8154.9585	
793	197.0	34.319958	1.0	1.0	31803.0	6738.988	1.0	1.0	20397.0	4862.9434	37601.0	8178.8623	
794	193.0	33.041977	1.0	1.0	31802.0	6738.813	1.0	1.0	20321.0	4845.997	37682.0	8197.264	
795	193.0	33.041977	1.0	1.0	31800.0	6738.3594	1.0	1.0	20241.0	4827.915	37764.0	8215.8	
796	192.0	33.004604	1.0	1.0	31798.0	6737.9004	1.0	1.0	20169.0	4813.454	37839.0	8230.757	
797	192.0	33.004604	1.0	1.0	31797.0	6737.676	1.0	1.0	20100.0	4797.8984	37909.0	8246.535	
798	192.0	32.93344	1.0	1.0	31797.0	6737.676	1.0	1.0	20020.0	4778.335	37989.0	8266.167	
799	194.0	33.823456	1.0	1.0	31794.0	6737.087	1.0	1.0	19949.0	4761.532	38061.0	8282.674	
800	192.0	32.963707	1.0	1.0	31791.0	6736.5234	1.0	1.0	19872.0	4742.808	38143.0	8302.826	
801	191.0	32.44457	1.0	1.0	31787.0	6735.6865	1.0	1.0	19791.0	4723.176	38229.0	8323.8125	
802	187.0	31.824808	1.0	1.0	31784.0	6735.0557	1.0	1.0	19719.0	4704.87	38308.0	8343.367	
803	185.0	31.237925	1.0	1.0	31780.0	6734.199	1.0	1.0	19647.0	4686.1206	38386.0	8363.554	
804	185.0	31.446106	1.0	1.0	31776.0	6733.4795	1.0	1.0	19567.0	4666.3975	38470.0	8383.788	
805	182.0	31.030178	1.0	1.0	31772.0	6732.5483	1.0	1.0	19481.0	4644.47	38563.0	8407.065	
806	182.0	31.006527	1.0	1.0	31767.0	6731.3833	1.0	1.0	19392.0	4621.39	38657.0	8431.338	
807	180.0	30.606752	1.0	1.0	31761.0	6730.0317	1.0	1.0	19318.0	4602.115	38739.0	8452.364	
808	178.0	29.961529	1.0	1.0	31756.0	6729.0083	1.0	1.0	19238.0	4578.734	38826.0	8477.415	
809	175.0	28.959839	1.0	1.0	31751.0	6728.306	1.0	1.0	19149.0	4555.1064	38923.0	8502.747	
810	173.0	28.645744	1.0	1.0	31742.0	6726.783	1.0	1.0	19070.0	4533.75	39013.0	8525.948	
811	174.0	28.796444	1.0	1.0	31734.0	6725.442	1.0	1.0	18983.0	4509.4	39107.0	8551.49	
812	171.0	28.4003	1.0	1.0	31731.0	6724.847	1.0	1.0	18894.0	4485.564	39202.0	8576.322	
813	169.0	28.010256	1.0	1.0	31728.0	6724.5015	1.0	1.0	18830.0	4468.2134	39271.0	8594.407	
814	168.0	27.891502	1.0	1.0	31722.0	6723.6006	1.0	1.0	18749.0	4446.2427	39359.0	8617.395	
815	165.0	27.217426	1.0	1.0	31715.0	6722.042	1.0	1.0	18667.0	4424.574	39451.0	8641.293	
816	163.0	26.810656	1.0	1.0	31707.0	6720.4395	1.0	1.0	18584.0	4402.4463	39544.0	8665.426	
817	160.0	26.311237	1.0	1.0	31700.0	6719.199	1.0	1.0	18510.0	4381.9136	39628.0	8687.7	
818	158.0	26.076618	1.0	1.0	31689.0	6717.0845	1.0	1.0	18424.0	4358.352	39727.0	8713.609	
819	157.0	25.67012	1.0	1.0	31680.0	6715.7607	1.0	1.0	18345.0	4337.599	39816.0	8736.099	
820	152.0	25.020689	1.0	1.0	31673.0	6714.344	1.0	1.0	18270.0	4318.146	39903.0	8757.615	
821	150.0	24.587547	1.0	1.0	31665.0	6712.8716	1.0	1.0	18190.0	4298.242	39993.0	8779.422	
822	149.0	24.271137	1.0	1.0	31656.0	6711.3296	1.0	1.0	18100.0	4275.2495	40093.0	8804.268	
823	148.0	24.085361	1.0	1.0	31647.0	6709.7153	1.0	1.0	18019.0	4254.1147	40184.0	8827.204	
824	145.0	23.525648	1.0	1.0	31636.0	6707.924	1.0	1.0	17944.0	4235.3257	40273.0	8848.34	
825	145.0	23.693834	1.0	1.0	31624.0	6706.0503	1.0	1.0	17859.0	4213.451	40370.0	8871.92	
826	143.0	23.17391	1.0	1.0	31610.0	6703.743	1.0	1.0	17779.0	4194.3926	40466.0	8893.805	
827	142.0	22.790651	1.0	1.0	31603.0	6702.6235	1.0	1.0	17698.0	4175.1504	40555.0	8914.542	
828	143.0	23.178587	1.0	1.0	31588.0	6700.365	1.0	1.0	17613.0	4153.4805	40654.0	8938.082	
829	140.0	22.830523	1.0	1.0	31578.0	6698.6157	1.0	1.0	17532.0	4132.293	40748.0	8961.374	
830	140.0	22.830523	1.0	1.0	31562.0	6695.5337	1.0	1.0	17452.0	4112.627	40844.0	8984.121	
831	137.0	22.32218	1.0	1.0	31553.0	6693.8975	1.0	1.0	17376.0	4094.541	40932.0	9004.352	
832	136.0	21.997046	1.0	1.0	31543.0	6692.177	1.0	1.0	17306.0	4077.9224	41013.0	9023.018	
833	134.0	21.729942	1.0	1.0	31530.0	6689.5586	1.0	1.0	17225.0	4057.585	41109.0	9046.241	
834	133.0	21.567158	1.0	1.0	31521.0	6687.852	1.0	1.0	17139.0	4037.3445	41205.0	9068.343	
835	134.0	21.673744	1.0	1.0	31512.0	6686.236	1.0	1.0	17071.0	4020.748	41281.0	9086.448	
836	134.0	21.673744	1.0	1.0	31501.0	6684.369	1.0	1.0	16997.0	4003.9326	41366.0	9105.135	
837	130.0	21.250298	1.0	1.0	31493.0	6682.62	1.0	1.0	16921.0	3985.6997	41454.0	9125.546	
838	130.0	21.406258	1.0	1.0	31481.0	6680.017	1.0	1.0	16841.0	3967.253	41546.0	9146.44	
839	130.0	21.179718	1.0	1.0	31468.0	6677.1714	1.0	1.0	16773.0	3952.3394	41627.0	9164.422	
840	129.0	21.065258	1.0	1.0	31460.0	6675.636	1.0	1.0	16688.0	3933.4583	41721.0	9184.947	
841	128.0	20.989174	1.0	1.0	31452.0	6674.253	1.0	1.0	16602.0	3912.8843	41816.0	9206.982	
842	128.0	20.989174	1.0	1.0	31440.0	6672.279	1.0	1.0	16523.0	3896.1448	41907.0	9225.702	
843	126.0	21.03058	1.0	1.0	31429.0	6670.3877	1.0	1.0	16438.0	3876.0356	42005.0	9247.665	
844	124.0	20.7767	1.0	1.0	31420.0	6668.324	1.0	1.0	16355.0	3857.5627	42099.0	9268.452	
845	126.0	21.088438	1.0	1.0	31411.0	6666.71	1.0	1.0	16279.0	3840.4883	42182.0	9286.83	
846	124.0	20.590727	1.0	1.0	31404.0	6665.2207	1.0	1.0	16195.0	3821.454	42275.0	9307.853	
847	123.0	20.42735	1.0	1.0	31396.0	6663.6787	1.0	1.0	16110.0	3801.4849	42369.0	9329.528	
848	122.0	20.220116	1.0	1.0	31385.0	6661.7563	1.0	1.0	16035.0	3785.0688	42456.0	9348.079	
849	121.0	20.012918	1.0	1.0	31373.0	6659.477	1.0	1.0	15965.0	3769.5122	42539.0	9366.107	
850	120.0	19.92399	1.0	1.0	31365.0	6657.709	1.0	1.0	15872.0	3749.6377	42641.0	9387.834	
851	117.0	19.75315	1.0	1.0	31358.0	6655.9805	1.0	1.0	15796.0	3732.1372	42727.0	9407.232	
852	116.0	19.637287	1.0	1.0	31348.0	6654.141	1.0	1.0	15719.0	3714.3992	42815.0	9426.924	
853	115.0	19.476883	1.0	1.0	31338.0	6652.6006	1.0	1.0	15643.0	3696.7769	42902.0	9446.242	
854	115.0	19.476883	1.0	1.0	31325.0	6650.3433	1.0	1.0	15573.0	3681.843	42985.0	9463.441	
855	115.0	19.476883	1.0	1.0	31315.0	6648.6016	1.0	1.0	15501.0	3665.443	43067.0	9481.582	
856	113.0	19.034609	1.0	1.0	31305.0	6646.921	1.0	1.0	15426.0	3648.5325	43154.0	9500.615	
857	112.0	18.684704	1.0	1.0	31294.0	6644.876	1.0	1.0	15347.0	3631.386	43245.0	9520.151	
858	111.0	18.646427	1.0	1.0	31285.0	6643.5107	1.0	1.0	15269.0	3614.6497	43333.0	9538.286	
859	110.0	18.5549	1.0	1.0	31277.0	6642.162	1.0	1.0	15194.0	3598.2773	43417.0	9556.112	
860	108.0	18.29904	1.0	1.0	31268.0	6640.4624	1.0	1.0	15119.0	3581.1492	43503.0	9575.195	
861	107.0	18.188482	1.0	1.0	31259.0	6639.1904	1.0	1.0	15051.0	3566.6926	43581.0	9591.038	
862	107.0	18.188482	1.0	1.0	31249.0	6637.2285	1.0	1.0	14978.0	3549.8118	43664.0	9609.88	
863	108.0	18.336077	1.0	1.0	31240.0	6635.6816	1.0	1.0	14906.0	3534.5728	43744.0	9626.522	
864	106.0	17.838644	1.0	1.0	31233.0	6634.6187	1.0	1.0	14825.0	3517.3828	43834.0	9645.2705	
