SIMULATION PARAMETERS:
n = 450
m = 800
k = 1
p = 50
recruit_likeliness = 0.01
defeat_likeliness = 0.5
starting_control = 100
resource_noise_scale = 0.016666668

SIMULATION DATA:
t	NATION -1 SIZE	NATION -1 RESOURCES	NATION 0 SIZE	NATION 0 RESOURCES	NATION 1 SIZE	NATION 1 RESOURCES	NATION 2 SIZE	NATION 2 RESOURCES	NATION 3 SIZE	NATION 3 RESOURCES	NATION 4 SIZE	NATION 4 RESOURCES	NATION 5 SIZE	NATION 5 RESOURCES	NATION 6 SIZE	NATION 6 RESOURCES	NATION 7 SIZE	NATION 7 RESOURCES	NATION 8 SIZE	NATION 8 RESOURCES	NATION 9 SIZE	NATION 9 RESOURCES	NATION 10 SIZE	NATION 10 RESOURCES	NATION 11 SIZE	NATION 11 RESOURCES	NATION 12 SIZE	NATION 12 RESOURCES	NATION 13 SIZE	NATION 13 RESOURCES	NATION 14 SIZE	NATION 14 RESOURCES	NATION 15 SIZE	NATION 15 RESOURCES	NATION 16 SIZE	NATION 16 RESOURCES	NATION 17 SIZE	NATION 17 RESOURCES	NATION 18 SIZE	NATION 18 RESOURCES	NATION 19 SIZE	NATION 19 RESOURCES	NATION 20 SIZE	NATION 20 RESOURCES	NATION 21 SIZE	NATION 21 RESOURCES	NATION 22 SIZE	NATION 22 RESOURCES	NATION 23 SIZE	NATION 23 RESOURCES	NATION 24 SIZE	NATION 24 RESOURCES	NATION 25 SIZE	NATION 25 RESOURCES	NATION 26 SIZE	NATION 26 RESOURCES	NATION 27 SIZE	NATION 27 RESOURCES	NATION 28 SIZE	NATION 28 RESOURCES	NATION 29 SIZE	NATION 29 RESOURCES	NATION 30 SIZE	NATION 30 RESOURCES	NATION 31 SIZE	NATION 31 RESOURCES	NATION 32 SIZE	NATION 32 RESOURCES	NATION 33 SIZE	NATION 33 RESOURCES	NATION 34 SIZE	NATION 34 RESOURCES	NATION 35 SIZE	NATION 35 RESOURCES	NATION 36 SIZE	NATION 36 RESOURCES	NATION 37 SIZE	NATION 37 RESOURCES	NATION 38 SIZE	NATION 38 RESOURCES	NATION 39 SIZE	NATION 39 RESOURCES	NATION 40 SIZE	NATION 40 RESOURCES	NATION 41 SIZE	NATION 41 RESOURCES	NATION 42 SIZE	NATION 42 RESOURCES	NATION 43 SIZE	NATION 43 RESOURCES	NATION 44 SIZE	NATION 44 RESOURCES	NATION 45 SIZE	NATION 45 RESOURCES	NATION 46 SIZE	NATION 46 RESOURCES	NATION 47 SIZE	NATION 47 RESOURCES	NATION 48 SIZE	NATION 48 RESOURCES	NATION 49 SIZE	NATION 49 RESOURCES	
0	0.0	0.0	0.0	0.0	0.0	0.0	0.0	0.0	0.0	0.0	0.0	0.0	0.0	0.0	0.0	0.0	0.0	0.0	0.0	0.0	0.0	0.0	0.0	0.0	0.0	0.0	0.0	0.0	0.0	0.0	0.0	0.0	0.0	0.0	0.0	0.0	0.0	0.0	0.0	0.0	0.0	0.0	0.0	0.0	0.0	0.0	0.0	0.0	0.0	0.0	0.0	0.0	0.0	0.0	0.0	0.0	0.0	0.0	0.0	0.0	0.0	0.0	0.0	0.0	0.0	0.0	0.0	0.0	0.0	0.0	0.0	0.0	0.0	0.0	0.0	0.0	0.0	0.0	0.0	0.0	0.0	0.0	0.0	0.0	0.0	0.0	0.0	0.0	0.0	0.0	0.0	0.0	0.0	0.0	0.0	0.0	0.0	0.0	0.0	0.0	0.0	0.0	
57	359950.0	79257.48	1.0	1.0	1.0	1.0	1.0	1.0	1.0	1.0	1.0	1.0	1.0	1.0	1.0	1.0	1.0	1.0	1.0	1.0	1.0	1.0	1.0	1.0	1.0	1.0	1.0	1.0	1.0	1.0	1.0	1.0	1.0	1.0	1.0	1.0	1.0	1.0	1.0	1.0	1.0	1.0	1.0	1.0	1.0	1.0	1.0	1.0	1.0	1.0	1.0	1.0	1.0	1.0	1.0	1.0	1.0	1.0	1.0	1.0	1.0	1.0	1.0	1.0	1.0	1.0	1.0	1.0	1.0	1.0	1.0	1.0	1.0	1.0	1.0	1.0	1.0	1.0	1.0	1.0	1.0	1.0	1.0	1.0	1.0	1.0	1.0	1.0	1.0	1.0	1.0	1.0	1.0	1.0	1.0	1.0	1.0	1.0	1.0	1.0	1.0	1.0	
58	359947.0	79256.83	1.0	1.0	1.0	1.0	1.0	1.0	1.0	1.0	1.0	1.0	1.0	1.0	1.0	1.0	1.0	1.0	1.0	1.0	1.0	1.0	1.0	1.0	1.0	1.0	1.0	1.0	1.0	1.0	1.0	1.0	2.0	1.1366813	1.0	1.0	1.0	1.0	1.0	1.0	1.0	1.0	1.0	1.0	1.0	1.0	1.0	1.0	1.0	1.0	2.0	1.3921484	1.0	1.0	1.0	1.0	1.0	1.0	1.0	1.0	1.0	1.0	1.0	1.0	1.0	1.0	1.0	1.0	1.0	1.0	1.0	1.0	1.0	1.0	1.0	1.0	1.0	1.0	2.0	1.1208928	1.0	1.0	1.0	1.0	1.0	1.0	1.0	1.0	1.0	1.0	1.0	1.0	1.0	1.0	1.0	1.0	1.0	1.0	1.0	1.0	1.0	1.0	
59	359940.0	79254.76	1.0	1.0	1.0	1.0	1.0	1.0	1.0	1.0	1.0	1.0	1.0	1.0	1.0	1.0	1.0	1.0	1.0	1.0	1.0	1.0	1.0	1.0	1.0	1.0	1.0	1.0	1.0	1.0	1.0	1.0	5.0	1.5445296	1.0	1.0	1.0	1.0	1.0	1.0	1.0	1.0	1.0	1.0	1.0	1.0	1.0	1.0	1.0	1.0	5.0	2.5656054	1.0	1.0	1.0	1.0	1.0	1.0	1.0	1.0	1.0	1.0	1.0	1.0	1.0	1.0	1.0	1.0	1.0	1.0	1.0	1.0	1.0	1.0	1.0	1.0	2.0	1.4829834	2.0	1.1208928	1.0	1.0	1.0	1.0	1.0	1.0	1.0	1.0	1.0	1.0	1.0	1.0	1.0	1.0	1.0	1.0	1.0	1.0	1.0	1.0	1.0	1.0	
60	359928.0	79251.914	1.0	1.0	2.0	1.1190188	1.0	1.0	1.0	1.0	1.0	1.0	1.0	1.0	1.0	1.0	1.0	1.0	1.0	1.0	1.0	1.0	1.0	1.0	1.0	1.0	1.0	1.0	1.0	1.0	2.0	1.1616075	8.0	1.9500673	1.0	1.0	1.0	1.0	1.0	1.0	1.0	1.0	1.0	1.0	1.0	1.0	1.0	1.0	1.0	1.0	8.0	3.7238293	1.0	1.0	1.0	1.0	1.0	1.0	1.0	1.0	1.0	1.0	1.0	1.0	2.0	1.1984837	2.0	1.4005399	1.0	1.0	2.0	1.1841483	1.0	1.0	1.0	1.0	2.0	1.4829834	2.0	1.1208928	1.0	1.0	1.0	1.0	1.0	1.0	1.0	1.0	1.0	1.0	1.0	1.0	2.0	1.2092522	1.0	1.0	1.0	1.0	1.0	1.0	1.0	1.0	
61	359905.0	79246.34	2.0	1.2611089	4.0	1.3494027	2.0	1.0735828	1.0	1.0	1.0	1.0	1.0	1.0	1.0	1.0	1.0	1.0	1.0	1.0	1.0	1.0	1.0	1.0	1.0	1.0	1.0	1.0	1.0	1.0	3.0	1.3376563	10.0	2.21975	1.0	1.0	1.0	1.0	1.0	1.0	1.0	1.0	1.0	1.0	2.0	1.1541865	1.0	1.0	1.0	1.0	14.0	6.022016	1.0	1.0	1.0	1.0	1.0	1.0	1.0	1.0	1.0	1.0	2.0	1.1762555	2.0	1.1984837	4.0	2.2144623	1.0	1.0	2.0	1.1841483	1.0	1.0	1.0	1.0	2.0	1.4829834	2.0	1.1208928	1.0	1.0	1.0	1.0	1.0	1.0	1.0	1.0	1.0	1.0	1.0	1.0	7.0	2.226576	2.0	1.0974205	1.0	1.0	1.0	1.0	1.0	1.0	
62	359870.0	79236.74	4.0	1.8011804	5.0	1.4544443	4.0	1.2195914	1.0	1.0	1.0	1.0	1.0	1.0	1.0	1.0	1.0	1.0	1.0	1.0	1.0	1.0	1.0	1.0	1.0	1.0	1.0	1.0	1.0	1.0	4.0	1.52791	14.0	2.752281	1.0	1.0	2.0	1.4967167	2.0	1.0900701	2.0	1.1954703	1.0	1.0	2.0	1.1541865	1.0	1.0	1.0	1.0	22.0	9.119526	1.0	1.0	2.0	1.2325712	1.0	1.0	1.0	1.0	1.0	1.0	3.0	1.3545127	2.0	1.1984837	9.0	4.25128	1.0	1.0	2.0	1.1841483	1.0	1.0	1.0	1.0	3.0	1.9962536	3.0	1.2431946	1.0	1.0	1.0	1.0	1.0	1.0	1.0	1.0	2.0	1.2884474	1.0	1.0	11.0	3.047317	2.0	1.0974205	1.0	1.0	1.0	1.0	1.0	1.0	
63	359808.0	79220.99	4.0	1.8011804	8.0	1.8013978	10.0	1.6630571	1.0	1.0	1.0	1.0	1.0	1.0	1.0	1.0	1.0	1.0	1.0	1.0	1.0	1.0	1.0	1.0	2.0	1.2214268	2.0	1.1449571	1.0	1.0	9.0	2.4882379	20.0	3.5490568	1.0	1.0	3.0	1.9965633	2.0	1.0900701	2.0	1.1954703	2.0	1.1863168	2.0	1.1541865	1.0	1.0	1.0	1.0	35.0	14.185311	1.0	1.0	2.0	1.2325712	1.0	1.0	1.0	1.0	1.0	1.0	3.0	1.3545127	2.0	1.1984837	16.0	7.066797	1.0	1.0	3.0	1.378185	1.0	1.0	1.0	1.0	5.0	3.0258331	4.0	1.3619785	1.0	1.0	1.0	1.0	1.0	1.0	3.0	1.4794638	3.0	1.5605989	1.0	1.0	21.0	5.117504	3.0	1.193246	1.0	1.0	1.0	1.0	1.0	1.0	
64	359734.0	79202.79	4.0	1.8011804	12.0	2.2652855	18.0	2.3053715	1.0	1.0	1.0	1.0	1.0	1.0	1.0	1.0	1.0	1.0	1.0	1.0	2.0	1.1063684	1.0	1.0	4.0	1.6567547	3.0	1.2860181	1.0	1.0	13.0	3.2598517	29.0	4.752517	1.0	1.0	7.0	3.9873185	2.0	1.0900701	2.0	1.1954703	2.0	1.1863168	3.0	1.3034939	1.0	1.0	1.0	1.0	51.0	20.32868	1.0	1.0	2.0	1.2325712	1.0	1.0	1.0	1.0	1.0	1.0	3.0	1.3545127	2.0	1.1984837	19.0	8.283783	1.0	1.0	6.0	1.9641101	1.0	1.0	1.0	1.0	7.0	4.052691	5.0	1.4757175	1.0	1.0	1.0	1.0	1.0	1.0	6.0	2.1898246	5.0	2.1330926	1.0	1.0	30.0	6.9743924	4.0	1.2911149	1.0	1.0	1.0	1.0	1.0	1.0	
65	359625.0	79177.69	5.0	2.0600986	18.0	2.9404764	28.0	3.1846611	1.0	1.0	1.0	1.0	1.0	1.0	1.0	1.0	1.0	1.0	1.0	1.0	2.0	1.1063684	1.0	1.0	6.0	2.080425	4.0	1.4348965	1.0	1.0	22.0	5.007744	45.0	6.8257966	1.0	1.0	13.0	6.9583406	2.0	1.0900701	2.0	1.1954703	3.0	1.3819313	3.0	1.3034939	1.0	1.0	1.0	1.0	61.0	24.189966	1.0	1.0	2.0	1.2325712	1.0	1.0	1.0	1.0	1.0	1.0	3.0	1.3545127	2.0	1.1984837	28.0	11.865418	1.0	1.0	11.0	2.937363	2.0	1.2425117	1.0	1.0	9.0	5.086103	9.0	1.9198477	1.0	1.0	1.0	1.0	1.0	1.0	13.0	3.8810787	8.0	2.9800286	1.0	1.0	44.0	9.77726	5.0	1.3802769	1.0	1.0	2.0	1.2165022	1.0	1.0	
66	359469.0	79140.96	8.0	2.8035595	33.0	4.79223	40.0	4.231848	1.0	1.0	1.0	1.0	1.0	1.0	1.0	1.0	1.0	1.0	1.0	1.0	2.0	1.1063684	1.0	1.0	11.0	3.1272798	9.0	2.144341	1.0	1.0	35.0	7.529304	58.0	8.53689	1.0	1.0	21.0	10.905231	2.0	1.0900701	2.0	1.1954703	4.0	1.5763785	3.0	1.3034939	2.0	1.2928292	1.0	1.0	73.0	28.867142	1.0	1.0	3.0	1.4754962	1.0	1.0	1.0	1.0	1.0	1.0	3.0	1.3545127	2.0	1.1984837	33.0	13.706218	2.0	1.0487967	23.0	5.2358894	6.0	2.2270024	1.0	1.0	16.0	8.72686	13.0	2.3699756	1.0	1.0	1.0	1.0	2.0	1.3199172	22.0	6.004146	18.0	5.7612286	1.0	1.0	53.0	11.7205105	6.0	1.4719963	1.0	1.0	5.0	1.8595959	2.0	1.5490067	
67	359276.0	79090.14	14.0	4.299789	43.0	6.0667305	49.0	5.132171	1.0	1.0	2.0	1.2012193	2.0	1.2931517	1.0	1.0	1.0	1.0	1.0	1.0	2.0	1.1063684	1.0	1.0	15.0	3.9405403	17.0	3.2937095	2.0	1.2172091	46.0	9.578519	70.0	10.080492	1.0	1.0	37.0	18.690044	2.0	1.0900701	2.0	1.1954703	7.0	2.1681142	3.0	1.3034939	6.0	2.4827483	1.0	1.0	90.0	35.520638	1.0	1.0	3.0	1.4754962	1.0	1.0	1.0	1.0	1.0	1.0	3.0	1.3545127	2.0	1.1984837	45.0	18.106203	2.0	1.0487967	35.0	7.4813704	12.0	3.714102	1.0	1.0	28.0	14.895547	19.0	3.0474122	1.0	1.0	1.0	1.0	2.0	1.3199172	36.0	9.335939	24.0	7.625219	1.0	1.0	72.0	15.797773	7.0	1.5595108	1.0	1.0	7.0	2.2346206	2.0	1.5490067	
68	359024.0	79026.766	22.0	6.1090984	56.0	7.76104	61.0	6.414525	1.0	1.0	4.0	1.6130737	5.0	2.179694	1.0	1.0	2.0	1.27746	1.0	1.0	3.0	1.2277842	1.0	1.0	23.0	5.520291	28.0	4.7892547	2.0	1.2172091	57.0	11.586952	82.0	11.605961	1.0	1.0	56.0	27.882215	2.0	1.0900701	2.0	1.1954703	12.0	3.1743934	3.0	1.3034939	11.0	3.9369526	1.0	1.0	110.0	43.265785	1.0	1.0	3.0	1.4754962	1.0	1.0	1.0	1.0	1.0	1.0	4.0	1.53333	2.0	1.1984837	56.0	22.023592	2.0	1.0487967	52.0	10.599421	23.0	6.359599	1.0	1.0	38.0	20.01724	25.0	3.771562	1.0	1.0	1.0	1.0	2.0	1.3199172	59.0	14.496537	34.0	10.625221	1.0	1.0	96.0	21.239233	8.0	1.6418	1.0	1.0	14.0	3.731946	2.0	1.5490067	
69	358792.0	78967.445	24.0	6.5516257	71.0	9.834566	73.0	7.5790567	1.0	1.0	8.0	2.416962	10.0	3.6680906	1.0	1.0	3.0	1.5582682	1.0	1.0	4.0	1.3481765	1.0	1.0	31.0	7.124592	38.0	6.24808	2.0	1.2172091	65.0	13.155651	88.0	12.37099	1.0	1.0	68.0	33.67616	2.0	1.0900701	2.0	1.1954703	19.0	4.559586	3.0	1.3034939	23.0	7.3650384	1.0	1.0	124.0	48.747536	1.0	1.0	3.0	1.4754962	1.0	1.0	1.0	1.0	1.0	1.0	4.0	1.53333	2.0	1.1984837	66.0	25.576157	2.0	1.0487967	56.0	11.347717	39.0	10.2618	1.0	1.0	52.0	27.162695	30.0	4.436148	1.0	1.0	1.0	1.0	2.0	1.3199172	86.0	20.592127	44.0	13.585496	1.0	1.0	119.0	26.53297	9.0	1.7277131	1.0	1.0	19.0	4.771858	2.0	1.5490067	
70	358510.0	78896.28	29.0	7.641645	83.0	11.514427	88.0	9.176046	1.0	1.0	10.0	2.818576	19.0	6.4376426	1.0	1.0	5.0	2.140129	1.0	1.0	4.0	1.3481765	1.0	1.0	42.0	9.192123	55.0	8.652687	2.0	1.2172091	81.0	16.290718	97.0	13.546069	1.0	1.0	82.0	40.42563	2.0	1.0900701	2.0	1.1954703	24.0	5.5576186	3.0	1.3034939	39.0	11.904845	1.0	1.0	150.0	58.952835	1.0	1.0	3.0	1.4754962	1.0	1.0	1.0	1.0	1.0	1.0	5.0	1.7159336	2.0	1.1984837	74.0	28.252146	2.0	1.0487967	64.0	12.838202	48.0	12.515857	1.0	1.0	67.0	34.920513	40.0	5.769165	1.0	1.0	1.0	1.0	2.0	1.3199172	107.0	25.240122	51.0	15.673669	1.0	1.0	148.0	32.687706	10.0	1.8325226	1.0	1.0	33.0	7.851553	2.0	1.5490067	
71	358219.0	78823.96	32.0	8.268159	101.0	13.831868	103.0	10.836994	1.0	1.0	13.0	3.3863397	26.0	8.399397	1.0	1.0	7.0	2.744256	1.0	1.0	4.0	1.3481765	1.0	1.0	52.0	11.111565	77.0	11.965577	2.0	1.2172091	89.0	17.981552	109.0	15.096742	1.0	1.0	96.0	47.127655	3.0	1.184644	2.0	1.1954703	29.0	6.5663486	3.0	1.3034939	58.0	17.208109	2.0	1.094239	175.0	68.46988	1.0	1.0	3.0	1.4754962	1.0	1.0	1.0	1.0	1.0	1.0	5.0	1.7159336	2.0	1.1984837	81.0	30.828568	3.0	1.0963033	71.0	14.15539	63.0	16.265814	1.0	1.0	82.0	42.803253	48.0	6.7865486	1.0	1.0	1.0	1.0	2.0	1.3199172	121.0	28.28445	64.0	19.575466	1.0	1.0	178.0	39.14115	11.0	1.9241792	1.0	1.0	48.0	11.176739	2.0	1.5490067	
72	357939.0	78754.52	32.0	8.268159	115.0	15.7656145	129.0	13.555691	1.0	1.0	15.0	3.7862978	35.0	11.326667	1.0	1.0	13.0	4.5416403	1.0	1.0	4.0	1.3481765	1.0	1.0	63.0	13.16261	95.0	14.80721	2.0	1.2172091	103.0	20.86588	120.0	16.58134	1.0	1.0	117.0	57.18887	3.0	1.184644	3.0	1.3877139	34.0	7.526415	3.0	1.3034939	76.0	22.276663	2.0	1.094239	197.0	77.32088	2.0	1.507662	4.0	1.7027595	1.0	1.0	1.0	1.0	1.0	1.0	5.0	1.7159336	2.0	1.1984837	83.0	31.478882	3.0	1.0963033	75.0	14.937875	72.0	18.422161	1.0	1.0	91.0	47.784264	63.0	8.704138	1.0	1.0	1.0	1.0	2.0	1.3199172	135.0	31.234922	70.0	21.637983	1.0	1.0	205.0	45.167423	11.0	1.9241792	1.0	1.0	62.0	14.2307415	2.0	1.5490067	
73	357636.0	78677.03	34.0	8.637026	137.0	18.881649	151.0	15.909008	1.0	1.0	14.0	3.539685	43.0	14.113431	1.0	1.0	20.0	6.657667	1.0	1.0	4.0	1.3481765	1.0	1.0	70.0	14.580116	112.0	17.521826	2.0	1.2172091	120.0	24.481007	133.0	18.35647	1.0	1.0	142.0	69.13568	3.0	1.184644	3.0	1.3877139	41.0	8.859238	3.0	1.3034939	93.0	27.069101	2.0	1.094239	224.0	87.716225	2.0	1.507662	4.0	1.7027595	1.0	1.0	1.0	1.0	1.0	1.0	5.0	1.7159336	3.0	1.4029646	83.0	31.478882	3.0	1.0963033	81.0	16.133297	81.0	20.64774	1.0	1.0	107.0	56.66515	73.0	9.98355	1.0	1.0	1.0	1.0	2.0	1.3199172	159.0	36.303993	74.0	22.981035	1.0	1.0	227.0	49.3819	11.0	1.9241792	1.0	1.0	83.0	18.798899	2.0	1.5490067	
74	357313.0	78592.57	36.0	9.045048	159.0	21.669373	172.0	18.138802	1.0	1.0	15.0	3.635834	50.0	16.551823	1.0	1.0	31.0	10.075443	1.0	1.0	4.0	1.3481765	1.0	1.0	79.0	16.47685	136.0	21.292639	2.0	1.2172091	128.0	26.277386	149.0	20.573654	1.0	1.0	175.0	84.8326	3.0	1.184644	3.0	1.3877139	48.0	10.163712	3.0	1.3034939	113.0	32.647858	2.0	1.094239	259.0	101.006065	2.0	1.507662	4.0	1.7027595	1.0	1.0	1.0	1.0	1.0	1.0	6.0	1.8989332	4.0	1.6138244	83.0	31.478882	4.0	1.1431088	86.0	17.137688	89.0	22.530188	1.0	1.0	119.0	63.394817	79.0	10.873864	1.0	1.0	1.0	1.0	2.0	1.3199172	175.0	39.62764	81.0	25.509565	1.0	1.0	262.0	56.765324	11.0	1.9241792	1.0	1.0	98.0	22.08325	2.0	1.5490067	
75	356979.0	78504.73	36.0	9.045048	178.0	24.111786	186.0	19.759323	1.0	1.0	15.0	3.5139704	53.0	17.699905	1.0	1.0	43.0	13.818422	1.0	1.0	4.0	1.3481765	2.0	1.2705089	90.0	19.116232	162.0	25.332335	2.0	1.2172091	139.0	28.810246	169.0	23.301386	1.0	1.0	195.0	94.325966	3.0	1.184644	3.0	1.3877139	58.0	11.973536	3.0	1.3034939	148.0	42.623558	2.0	1.094239	303.0	117.696335	2.0	1.507662	5.0	1.9434109	1.0	1.0	1.0	1.0	1.0	1.0	6.0	1.8989332	6.0	2.045088	86.0	32.624233	4.0	1.1431088	95.0	18.946922	101.0	25.337275	1.0	1.0	131.0	69.98556	84.0	11.635732	1.0	1.0	1.0	1.0	2.0	1.3199172	190.0	42.659336	89.0	28.53843	1.0	1.0	283.0	61.716057	12.0	2.035008	1.0	1.0	117.0	26.011154	2.0	1.5490067	
76	356627.0	78409.48	37.0	9.223728	196.0	26.399015	202.0	21.645866	1.0	1.0	17.0	3.8069625	59.0	20.058792	1.0	1.0	62.0	19.87286	1.0	1.0	6.0	1.5887843	2.0	1.2705089	103.0	22.186417	186.0	29.047718	2.0	1.2172091	154.0	32.23736	189.0	26.113516	1.0	1.0	226.0	109.07039	3.0	1.184644	4.0	1.5791156	68.0	13.763251	3.0	1.3034939	177.0	50.717335	2.0	1.094239	336.0	130.75026	2.0	1.507662	5.0	1.9434109	1.0	1.0	1.0	1.0	3.0	1.2516783	7.0	2.0819795	9.0	2.7214744	87.0	32.926594	4.0	1.1431088	107.0	21.321133	107.0	26.917759	1.0	1.0	148.0	79.407845	89.0	12.404883	1.0	1.0	1.0	1.0	3.0	1.6392533	206.0	45.815987	101.0	32.903915	1.0	1.0	300.0	65.651695	14.0	2.269325	1.0	1.0	134.0	29.394081	2.0	1.5490067	
77	356287.0	78316.85	37.0	9.223728	216.0	28.820707	212.0	22.764526	1.0	1.0	20.0	4.271502	63.0	21.587408	1.0	1.0	73.0	23.370724	1.0	1.0	6.0	1.5887843	3.0	1.5384111	112.0	24.253363	202.0	31.517132	2.0	1.2172091	169.0	35.60024	204.0	28.250513	1.0	1.0	254.0	122.40764	3.0	1.184644	4.0	1.5791156	77.0	15.341931	3.0	1.3034939	204.0	57.91705	2.0	1.094239	383.0	148.67668	3.0	1.9981577	5.0	1.9434109	1.0	1.0	1.0	1.0	7.0	1.7479256	7.0	2.0819795	13.0	3.5897992	87.0	32.926594	4.0	1.1431088	121.0	24.112932	111.0	27.911476	1.0	1.0	163.0	87.60391	98.0	13.945792	1.0	1.0	1.0	1.0	3.0	1.6392533	220.0	48.6245	117.0	38.715057	1.0	1.0	325.0	71.531395	19.0	2.8789227	1.0	1.0	148.0	32.17639	2.0	1.5490067	
78	355891.0	78208.3	38.0	9.470269	240.0	31.719976	217.0	23.393278	1.0	1.0	20.0	4.227103	69.0	24.07871	1.0	1.0	90.0	28.629026	1.0	1.0	6.0	1.5887843	5.0	2.0708334	124.0	27.020094	219.0	34.079216	2.0	1.2172091	191.0	40.819767	218.0	30.225592	1.0	1.0	286.0	137.58557	4.0	1.2888081	5.0	1.7746772	89.0	17.463198	3.0	1.3034939	233.0	65.41117	2.0	1.094239	440.0	170.28	3.0	1.9981577	5.0	1.9434109	1.0	1.0	1.0	1.0	17.0	2.9770284	8.0	2.2647367	16.0	4.2348547	87.0	32.926594	4.0	1.1431088	133.0	26.496365	118.0	29.782316	1.0	1.0	179.0	96.22576	104.0	14.805052	1.0	1.0	1.0	1.0	4.0	1.9616388	247.0	53.900887	132.0	44.676292	1.0	1.0	352.0	77.63499	21.0	3.1231122	1.0	1.0	164.0	35.172676	3.0	2.1068158	
79	355502.0	78103.94	38.0	9.470269	256.0	33.602093	223.0	24.208357	1.0	1.0	21.0	4.336251	72.0	25.221233	1.0	1.0	109.0	34.451145	1.0	1.0	6.0	1.5887843	7.0	2.5885508	146.0	32.11175	232.0	35.995224	3.0	1.4535999	201.0	43.41095	236.0	32.83847	1.0	1.0	322.0	154.68547	4.0	1.2888081	6.0	1.9740325	101.0	19.585207	3.0	1.3034939	265.0	73.24946	2.0	1.094239	497.0	191.68585	3.0	1.9981577	5.0	1.9434109	2.0	1.0807261	1.0	1.0	27.0	4.2112217	8.0	2.2647367	17.0	4.4660916	87.0	32.926594	4.0	1.1431088	143.0	28.611212	124.0	31.255459	1.0	1.0	184.0	98.79902	107.0	15.324488	1.0	1.0	1.0	1.0	4.0	1.9616388	267.0	57.65858	154.0	53.093307	1.0	1.0	382.0	84.60119	27.0	3.891076	1.0	1.0	190.0	39.986355	3.0	2.1068158	
80	355061.0	77985.195	39.0	9.657622	268.0	35.19977	233.0	25.550646	1.0	1.0	22.0	4.4807177	76.0	26.912685	2.0	1.1707127	126.0	39.538467	1.0	1.0	7.0	1.7152863	11.0	3.6483917	163.0	36.121994	249.0	38.45219	3.0	1.4535999	209.0	45.360554	257.0	35.90662	1.0	1.0	359.0	172.0644	5.0	1.4034876	10.0	2.774878	117.0	22.519894	3.0	1.3034939	294.0	80.73541	3.0	1.1785041	558.0	214.56557	4.0	2.5074544	5.0	1.9434109	2.0	1.0807261	1.0	1.0	37.0	5.44223	9.0	2.452816	21.0	5.3694024	88.0	33.23743	5.0	1.1885371	152.0	30.46385	136.0	34.4383	1.0	1.0	191.0	102.46434	113.0	16.176311	1.0	1.0	2.0	1.111739	4.0	1.9616388	286.0	61.064796	183.0	64.43554	1.0	1.0	424.0	94.59544	35.0	4.9470716	1.0	1.0	216.0	44.950848	4.0	2.6655116	
81	354656.0	77874.055	39.0	9.657622	284.0	37.038708	244.0	27.002401	1.0	1.0	24.0	4.7253737	83.0	29.770695	3.0	1.3442812	157.0	48.341755	1.0	1.0	7.0	1.7152863	22.0	6.47843	187.0	41.835213	255.0	39.327847	3.0	1.4535999	217.0	47.739594	277.0	38.879112	1.0	1.0	399.0	190.86725	7.0	1.6338676	11.0	2.9735103	124.0	23.945528	4.0	1.4521416	317.0	86.781075	3.0	1.1785041	614.0	235.62231	4.0	2.5074544	5.0	1.9434109	2.0	1.0807261	1.0	1.0	46.0	6.5564885	10.0	2.6404335	22.0	5.599589	88.0	33.23743	5.0	1.1885371	160.0	32.245945	142.0	35.91716	1.0	1.0	198.0	105.98581	117.0	16.894861	1.0	1.0	2.0	1.111739	4.0	1.9616388	304.0	64.33329	202.0	71.862915	1.0	1.0	457.0	101.58724	42.0	5.900576	1.0	1.0	240.0	49.854183	5.0	3.2334368	
82	354184.0	77741.94	40.0	9.902968	306.0	39.469715	251.0	27.962105	1.0	1.0	24.0	4.720988	94.0	34.606823	4.0	1.52122	193.0	58.752125	1.0	1.0	8.0	1.838844	33.0	9.187223	219.0	49.38747	258.0	39.761307	3.0	1.4535999	227.0	50.57264	292.0	41.230206	1.0	1.0	443.0	211.63495	9.0	1.8795035	15.0	3.759181	140.0	27.232866	4.0	1.4521416	345.0	93.90403	3.0	1.1785041	682.0	260.66745	4.0	2.5074544	5.0	1.9434109	2.0	1.0807261	1.0	1.0	65.0	8.939118	12.0	3.0254693	25.0	6.239234	89.0	33.60288	5.0	1.1885371	169.0	34.138103	146.0	36.86275	1.0	1.0	203.0	108.63556	119.0	17.160187	1.0	1.0	2.0	1.111739	4.0	1.9616388	325.0	67.97002	230.0	83.87273	1.0	1.0	496.0	109.99954	49.0	6.909848	1.0	1.0	257.0	53.36188	8.0	4.960802	
83	353728.0	77612.93	40.0	9.902968	325.0	41.700836	258.0	28.902813	1.0	1.0	28.0	5.371227	107.0	40.15041	5.0	1.6972132	219.0	66.25893	1.0	1.0	8.0	1.838844	39.0	10.558976	255.0	58.513836	261.0	40.243298	3.0	1.4535999	234.0	52.583633	318.0	45.17613	1.0	1.0	492.0	234.75983	16.0	2.7226906	22.0	5.1601896	150.0	29.184916	4.0	1.4521416	377.0	101.85572	3.0	1.1785041	747.0	284.5436	4.0	2.5074544	5.0	1.9434109	2.0	1.0807261	1.0	1.0	72.0	9.850301	17.0	3.9959574	30.0	7.3023243	89.0	33.60288	5.0	1.1885371	181.0	36.730183	151.0	38.15468	2.0	1.1661656	208.0	111.23423	122.0	17.724705	1.0	1.0	2.0	1.111739	4.0	1.9616388	344.0	71.18942	253.0	94.88313	1.0	1.0	523.0	115.58894	58.0	8.256068	1.0	1.0	271.0	56.23168	11.0	6.690629	
84	353287.0	77491.5	40.0	9.902968	343.0	43.92645	262.0	29.482351	1.0	1.0	29.0	5.5136957	115.0	43.414448	7.0	2.0402763	250.0	75.52128	1.0	1.0	8.0	1.838844	44.0	11.681208	284.0	65.79293	266.0	40.897675	3.0	1.4535999	245.0	55.94837	341.0	48.83437	1.0	1.0	536.0	255.0745	26.0	3.899156	34.0	7.5231233	158.0	31.226383	5.0	1.6082579	399.0	106.827644	3.0	1.1785041	807.0	305.96716	4.0	2.5074544	5.0	1.9434109	2.0	1.0807261	1.0	1.0	79.0	10.749614	23.0	5.168055	33.0	7.948742	89.0	33.60288	5.0	1.1885371	194.0	39.640415	158.0	39.41556	2.0	1.1661656	208.0	111.23423	128.0	18.888903	1.0	1.0	2.0	1.111739	4.0	1.9616388	362.0	74.15376	271.0	104.48442	1.0	1.0	559.0	123.81715	70.0	10.091276	1.0	1.0	286.0	59.312725	17.0	10.055815	
85	352757.0	77343.68	40.0	9.902968	366.0	46.410404	267.0	30.256302	1.0	1.0	29.0	5.508891	128.0	48.916664	9.0	2.3940763	295.0	89.31484	1.0	1.0	8.0	1.838844	54.0	13.995239	309.0	72.58649	269.0	41.29973	3.0	1.4535999	260.0	60.400845	361.0	51.998547	1.0	1.0	587.0	278.5781	39.0	5.393973	41.0	8.932557	169.0	33.931374	5.0	1.6082579	424.0	112.12016	3.0	1.1785041	885.0	333.5259	4.0	2.5074544	5.0	1.9434109	3.0	1.1697774	1.0	1.0	91.0	12.322649	31.0	6.731769	37.0	8.844049	90.0	33.902267	5.0	1.1885371	215.0	44.457405	161.0	40.02305	2.0	1.1661656	211.0	112.853134	134.0	20.122318	1.0	1.0	2.0	1.111739	5.0	2.2819142	383.0	77.65153	298.0	116.703384	1.0	1.0	601.0	132.28238	86.0	12.552688	1.0	1.0	298.0	62.08948	23.0	13.411056	
86	352219.0	77198.46	41.0	10.146878	391.0	48.757534	271.0	30.82515	1.0	1.0	34.0	6.302652	147.0	57.302845	12.0	2.9377384	340.0	102.619896	1.0	1.0	9.0	1.9401224	57.0	14.621981	352.0	83.713524	270.0	41.46932	3.0	1.4535999	278.0	65.55995	387.0	56.205666	1.0	1.0	622.0	294.5945	55.0	7.24738	49.0	10.538331	176.0	35.784863	7.0	1.9245613	451.0	117.60584	3.0	1.1785041	957.0	358.6346	4.0	2.5074544	5.0	1.9434109	3.0	1.1697774	1.0	1.0	103.0	13.875895	42.0	8.897153	41.0	9.75503	90.0	33.902267	6.0	1.2322084	237.0	49.63773	164.0	40.507706	2.0	1.1661656	212.0	113.353714	142.0	21.821213	1.0	1.0	2.0	1.111739	5.0	2.2819142	407.0	81.60244	322.0	128.67122	1.0	1.0	638.0	139.88	97.0	14.266679	1.0	1.0	306.0	64.00533	34.0	19.266638	
