SIMULATION PARAMETERS:
n = 360
m = 640
k = 1
p = 4
recruit_likeliness = 0.1
defeat_likeliness = 0.001
starting_control = 100
resource_noise_scale = 0.06588078

SIMULATION DATA:
t	NATION -1 SIZE	NATION -1 RESOURCES	NATION 0 SIZE	NATION 0 RESOURCES	NATION 1 SIZE	NATION 1 RESOURCES	NATION 2 SIZE	NATION 2 RESOURCES	NATION 3 SIZE	NATION 3 RESOURCES	
0	0.0	0.0	0.0	0.0	0.0	0.0	0.0	0.0	0.0	0.0	
149	230396.0	52739.47	1.0	1.0	1.0	1.0	1.0	1.0	1.0	1.0	
150	230394.0	52738.88	2.0	1.4645329	1.0	1.0	2.0	1.129459	1.0	1.0	
151	230388.0	52737.24	4.0	2.4689808	1.0	1.0	6.0	1.7583474	1.0	1.0	
152	230383.0	52735.824	6.0	3.4393172	1.0	1.0	9.0	2.21484	1.0	1.0	
153	230372.0	52732.023	12.0	6.2608957	1.0	1.0	13.0	2.9848995	2.0	1.1955804	
154	230365.0	52729.29	17.0	8.556613	1.0	1.0	15.0	3.4305036	2.0	1.1955804	
155	230355.0	52726.4	21.0	10.239048	1.0	1.0	20.0	4.5088153	3.0	1.3295074	
156	230345.0	52723.55	24.0	11.49066	1.0	1.0	23.0	5.3053913	7.0	2.1298761	
157	230334.0	52720.266	29.0	13.4716	2.0	1.0809149	25.0	5.99718	10.0	2.6624599	
158	230326.0	52718.367	30.0	13.9368515	4.0	1.2621737	28.0	6.9295926	12.0	2.9769702	
159	230316.0	52715.324	32.0	14.725618	5.0	1.4169036	34.0	8.862538	13.0	3.1449513	
160	230295.0	52710.49	36.0	16.218466	9.0	2.1470978	39.0	10.27412	21.0	4.356056	
161	230268.0	52703.703	41.0	18.369802	13.0	2.7998452	48.0	12.939128	30.0	5.6641674	
162	230243.0	52696.566	51.0	22.569464	17.0	3.4990547	53.0	14.397755	36.0	6.440997	
163	230223.0	52690.895	60.0	25.933247	19.0	3.8943288	58.0	15.83475	40.0	6.925145	
164	230195.0	52681.668	74.0	31.795555	24.0	4.729249	66.0	18.269415	41.0	7.016929	
165	230159.0	52671.97	85.0	35.62583	31.0	6.046575	77.0	21.961494	48.0	7.8715367	
166	230125.0	52661.973	93.0	38.206367	36.0	7.3259845	93.0	27.505993	53.0	8.460705	
167	230093.0	52653.895	96.0	39.19894	40.0	8.322953	105.0	32.12073	66.0	9.932494	
168	230056.0	52643.875	105.0	41.30388	44.0	9.568436	121.0	37.786774	74.0	10.940923	
169	230012.0	52630.043	114.0	43.636658	53.0	12.150112	139.0	45.790092	82.0	11.851357	
170	229961.0	52615.105	129.0	47.40164	62.0	15.230299	156.0	52.717358	92.0	13.022795	
171	229923.0	52605.047	138.0	49.35216	69.0	17.875614	167.0	56.9595	103.0	14.236956	
172	229876.0	52589.703	149.0	52.665203	75.0	20.223665	181.0	64.743034	119.0	16.13279	
173	229822.0	52569.645	165.0	57.313057	86.0	24.43911	202.0	75.161064	125.0	16.897532	
174	229775.0	52553.453	176.0	60.025517	99.0	28.644464	218.0	83.29094	132.0	18.044607	
175	229710.0	52531.984	196.0	65.892105	110.0	33.120365	235.0	91.72424	149.0	20.747766	
176	229620.0	52503.24	217.0	71.364555	126.0	38.44281	265.0	106.02653	172.0	24.387968	
177	229544.0	52477.844	235.0	76.07231	142.0	44.503136	291.0	117.79382	188.0	27.253294	
178	229464.0	52452.34	256.0	81.374725	156.0	48.94204	317.0	130.39983	207.0	30.417328	
179	229366.0	52424.344	287.0	87.70526	177.0	55.778717	341.0	141.21777	229.0	34.448833	
180	229282.0	52401.09	313.0	92.64824	189.0	59.08643	365.0	152.48846	251.0	38.184032	
181	229207.0	52379.977	327.0	94.56199	205.0	63.75563	393.0	164.34616	268.0	40.84683	
182	229135.0	52361.44	342.0	97.31512	223.0	68.7241	412.0	171.40884	288.0	44.581123	
183	229058.0	52343.258	363.0	101.41283	245.0	74.84063	430.0	176.5197	304.0	47.454285	
184	228966.0	52320.74	397.0	106.786804	258.0	78.37263	454.0	185.71628	325.0	51.88167	
185	228862.0	52293.812	420.0	109.21519	278.0	83.30391	485.0	198.75246	355.0	58.407784	
186	228724.0	52258.504	450.0	113.78704	309.0	91.325714	523.0	213.62047	394.0	66.249695	
187	228593.0	52223.457	484.0	118.108986	336.0	98.29495	561.0	229.37048	426.0	74.26245	
188	228469.0	52191.04	513.0	122.136635	362.0	104.7264	597.0	243.19347	459.0	82.440506	
189	228325.0	52152.457	544.0	127.57941	393.0	111.75459	642.0	259.88983	496.0	91.86168	
190	228190.0	52117.36	581.0	133.90318	427.0	120.5117	675.0	272.86337	527.0	98.901924	
191	228061.0	52085.37	603.0	137.61693	474.0	131.2647	700.0	281.41098	562.0	107.882515	
192	227939.0	52051.832	622.0	141.55344	502.0	137.70871	739.0	295.5948	598.0	116.86463	
193	227820.0	52021.59	653.0	147.53963	526.0	142.09714	765.0	304.5189	636.0	127.78981	
194	227685.0	51990.367	694.0	153.52484	549.0	146.30562	795.0	314.07217	677.0	139.25325	
195	227549.0	51954.645	722.0	158.33835	574.0	150.57854	840.0	330.73386	715.0	149.20427	
196	227391.0	51916.9	773.0	167.70392	599.0	155.62646	884.0	344.83157	753.0	158.43867	
197	227239.0	51879.977	814.0	174.61703	625.0	160.79419	933.0	360.8244	789.0	167.26677	
198	227097.0	51847.293	855.0	182.65791	649.0	165.73604	973.0	373.13174	826.0	174.65036	
199	226934.0	51808.883	893.0	190.67091	682.0	171.81429	1021.0	386.56512	870.0	185.53062	
200	226758.0	51767.64	939.0	199.892	719.0	179.38821	1072.0	401.20673	912.0	195.33664	
201	226595.0	51728.95	973.0	206.15215	750.0	185.53604	1116.0	412.84235	966.0	209.97682	
202	226433.0	51692.766	1008.0	212.8534	794.0	195.06107	1153.0	423.28046	1012.0	219.48286	
203	226258.0	51654.26	1043.0	218.89464	841.0	204.4606	1198.0	435.24127	1060.0	230.5748	
204	226100.0	51617.688	1077.0	225.8535	870.0	210.07245	1248.0	447.7467	1105.0	242.07484	
205	225930.0	51583.266	1113.0	231.94865	909.0	217.4176	1290.0	456.19833	1158.0	254.61705	
206	225740.0	51542.996	1142.0	236.81839	967.0	230.6743	1347.0	469.06778	1204.0	263.87384	
207	225560.0	51503.97	1180.0	243.72092	1013.0	241.61993	1392.0	477.84976	1255.0	276.25586	
208	225361.0	51459.773	1219.0	251.17825	1074.0	256.65143	1447.0	490.35333	1299.0	285.463	
209	225170.0	51415.383	1263.0	260.57266	1119.0	266.64206	1499.0	502.35754	1349.0	298.46338	
210	224959.0	51369.562	1305.0	269.43597	1164.0	275.52063	1551.0	513.0075	1421.0	315.90726	
211	224759.0	51326.793	1354.0	279.3442	1208.0	285.12354	1605.0	523.23737	1474.0	328.93738	
212	224552.0	51283.797	1406.0	289.58994	1255.0	294.85828	1660.0	533.3561	1527.0	341.84882	
213	224355.0	51240.055	1458.0	300.88257	1298.0	304.44788	1711.0	542.38043	1578.0	355.67474	
214	224116.0	51185.953	1515.0	313.98425	1352.0	316.6863	1772.0	553.15924	1645.0	373.63168	
215	223887.0	51137.355	1571.0	325.83417	1405.0	327.78787	1833.0	563.68854	1704.0	388.76477	
216	223642.0	51084.53	1637.0	341.11893	1461.0	337.73062	1897.0	575.9922	1763.0	404.04474	
217	223397.0	51029.758	1690.0	352.45917	1522.0	349.94766	1954.0	587.0775	1837.0	424.15326	
218	223145.0	50978.66	1739.0	362.74728	1577.0	359.42325	2030.0	599.48157	1909.0	443.0974	
219	222870.0	50918.293	1797.0	374.96527	1642.0	370.03476	2107.0	612.94525	1984.0	467.1658	
220	222612.0	50860.59	1869.0	391.54352	1698.0	379.05988	2169.0	624.0794	2052.0	488.13715	
221	222379.0	50807.098	1926.0	405.29727	1746.0	387.45197	2229.0	634.2204	2120.0	509.35287	
222	222109.0	50750.395	1986.0	418.14236	1807.0	396.85135	2305.0	647.424	2193.0	530.6233	
223	221806.0	50689.332	2067.0	435.16003	1880.0	407.896	2380.0	659.77527	2267.0	551.25995	
224	221485.0	50626.543	2156.0	454.85883	1959.0	418.638	2465.0	673.04004	2335.0	570.3308	
225	221193.0	50568.63	2227.0	470.26035	2028.0	427.90796	2550.0	687.71814	2402.0	588.9219	
226	220908.0	50514.18	2297.0	485.6636	2104.0	438.01834	2626.0	700.18024	2465.0	605.4183	
227	220636.0	50462.023	2372.0	500.86478	2177.0	448.08688	2697.0	712.7822	2518.0	619.6972	
228	220334.0	50404.273	2457.0	517.76025	2253.0	458.9676	2770.0	726.2473	2586.0	636.22217	
229	220056.0	50353.324	2532.0	532.9241	2323.0	468.14716	2843.0	738.45886	2646.0	650.6187	
230	219781.0	50299.59	2612.0	549.4249	2372.0	474.77274	2917.0	751.7352	2718.0	667.9206	
231	219509.0	50248.02	2676.0	561.63354	2427.0	482.3067	2997.0	766.022	2791.0	685.4793	
232	219254.0	50201.504	2744.0	573.8568	2486.0	490.52655	3068.0	778.7295	2848.0	698.8614	
233	218964.0	50150.418	2820.0	587.4017	2555.0	500.52515	3131.0	789.0042	2930.0	716.1227	
234	218674.0	50098.227	2887.0	599.82355	2623.0	510.8087	3202.0	800.8906	3014.0	733.7509	
235	218428.0	50055.64	2945.0	609.7839	2683.0	520.8894	3268.0	811.966	3076.0	745.2195	
236	218108.0	50001.152	3031.0	623.9263	2758.0	532.59973	3336.0	822.93787	3167.0	762.89526	
237	217790.0	49944.42	3119.0	639.52264	2844.0	547.5268	3406.0	834.88824	3241.0	777.1356	
238	217467.0	49884.047	3203.0	653.341	2912.0	560.92175	3491.0	849.77985	3327.0	795.4373	
239	217127.0	49822.492	3280.0	665.35504	2998.0	576.94385	3576.0	865.40686	3419.0	813.3347	
240	216778.0	49757.4	3355.0	677.1606	3077.0	593.1319	3671.0	883.57416	3519.0	832.27625	
241	216443.0	49697.2	3428.0	687.9802	3163.0	611.4227	3762.0	899.65643	3604.0	847.2933	
242	216076.0	49628.27	3503.0	700.0262	3252.0	631.8286	3861.0	918.0484	3708.0	865.3854	
243	215709.0	49557.562	3601.0	715.25415	3349.0	653.7445	3953.0	936.63934	3788.0	880.41846	
244	215349.0	49489.73	3687.0	727.90186	3438.0	673.8145	4054.0	955.5193	3872.0	896.6435	
245	214975.0	49415.574	3760.0	738.5831	3536.0	697.1319	4161.0	976.5994	3968.0	915.7062	
246	214617.0	49345.406	3839.0	749.8055	3631.0	719.9931	4265.0	996.76416	4048.0	931.63367	
247	214238.0	49271.68	3931.0	764.603	3713.0	738.7796	4368.0	1017.03406	4150.0	951.4679	
248	213849.0	49196.164	4015.0	776.9076	3806.0	760.1845	4476.0	1037.2501	4254.0	973.1077	
249	213479.0	49122.67	4098.0	791.5785	3919.0	786.72046	4557.0	1051.7999	4347.0	990.81757	
250	213085.0	49040.293	4182.0	806.2614	4018.0	811.2225	4655.0	1071.1849	4460.0	1014.5635	
251	212679.0	48952.793	4267.0	822.1367	4120.0	838.3029	4767.0	1092.3547	4567.0	1037.9626	
252	212276.0	48865.383	4358.0	839.3262	4220.0	862.4035	4881.0	1113.4249	4665.0	1062.9507	
253	211874.0	48775.582	4447.0	857.83984	4327.0	888.70056	4981.0	1132.3625	4771.0	1089.0231	
254	211469.0	48689.914	4548.0	877.37537	4441.0	915.2356	5066.0	1147.422	4876.0	1113.5813	
255	211035.0	48598.152	4662.0	901.9735	4543.0	938.3686	5180.0	1166.2477	4980.0	1138.7559	
256	210611.0	48504.453	4774.0	927.17365	4643.0	961.5478	5283.0	1184.5641	5089.0	1165.761	
257	210201.0	48411.86	4871.0	953.2181	4735.0	980.66766	5388.0	1204.2188	5205.0	1193.5867	
258	209772.0	48317.84	4985.0	979.2866	4827.0	1003.0343	5493.0	1221.9182	5323.0	1221.5396	
259	209342.0	48227.637	5092.0	1004.2408	4914.0	1021.1643	5611.0	1241.6815	5441.0	1248.93	
260	208884.0	48124.043	5198.0	1031.702	5016.0	1044.0466	5730.0	1262.8962	5572.0	1280.9342	
261	208476.0	48038.258	5299.0	1055.7778	5107.0	1062.129	5848.0	1283.2543	5670.0	1304.221	
262	208042.0	47949.23	5399.0	1078.4955	5214.0	1084.1282	5968.0	1303.907	5777.0	1327.8743	
263	207652.0	47866.55	5495.0	1102.1704	5311.0	1103.7126	6076.0	1322.9354	5866.0	1348.2708	
264	207237.0	47783.684	5591.0	1125.2122	5425.0	1124.5212	6183.0	1341.9285	5964.0	1368.2898	
265	206815.0	47690.934	5705.0	1154.7393	5518.0	1142.8103	6284.0	1361.6799	6078.0	1393.4985	
266	206380.0	47597.92	5823.0	1183.7715	5620.0	1163.936	6396.0	1384.2117	6181.0	1413.8649	
267	205940.0	47499.56	5932.0	1214.0153	5725.0	1187.2385	6528.0	1411.4529	6275.0	1431.443	
268	205535.0	47408.906	6028.0	1239.477	5823.0	1209.7301	6638.0	1434.6973	6376.0	1450.9148	
269	205109.0	47310.676	6132.0	1267.7408	5929.0	1234.2781	6754.0	1458.8303	6476.0	1472.2367	
270	204635.0	47201.297	6255.0	1298.4128	6037.0	1260.1842	6876.0	1485.1885	6597.0	1498.6809	
271	204161.0	47090.223	6377.0	1331.2451	6152.0	1288.8828	6993.0	1509.3713	6717.0	1524.0101	
272	203634.0	46961.82	6516.0	1369.5582	6285.0	1322.9894	7123.0	1536.5193	6842.0	1552.8151	
273	203071.0	46823.215	6652.0	1408.161	6430.0	1362.4138	7275.0	1568.5715	6972.0	1581.3817	
274	202536.0	46691.46	6787.0	1446.1096	6578.0	1402.8883	7409.0	1597.3198	7090.0	1605.9779	
275	202063.0	46574.293	6900.0	1479.3639	6709.0	1437.7047	7541.0	1624.6328	7187.0	1627.7139	
276	201560.0	46448.99	7032.0	1516.7186	6836.0	1472.3346	7665.0	1650.5682	7307.0	1655.096	
277	201072.0	46324.625	7178.0	1556.9895	6965.0	1509.3777	7780.0	1675.4478	7405.0	1677.2385	
278	200554.0	46191.742	7312.0	1598.6052	7087.0	1543.4303	7905.0	1702.6376	7542.0	1707.3145	
279	200003.0	46045.715	7473.0	1649.4651	7212.0	1579.0936	8039.0	1732.3102	7673.0	1737.0787	
280	199462.0	45906.094	7644.0	1701.6417	7329.0	1610.3936	8165.0	1760.9359	7800.0	1764.5251	
281	198952.0	45768.883	7781.0	1744.4794	7454.0	1643.7513	8308.0	1794.5863	7905.0	1791.9165	
282	198418.0	45623.45	7924.0	1788.3774	7583.0	1678.2637	8434.0	1823.9368	8041.0	1829.5178	
283	197905.0	45491.7	8061.0	1826.3995	7701.0	1707.7643	8565.0	1854.0675	8168.0	1863.624	
284	197350.0	45344.145	8216.0	1872.0487	7830.0	1741.0045	8706.0	1888.5188	8298.0	1897.8331	
285	196832.0	45203.78	8354.0	1915.0446	7950.0	1771.2814	8837.0	1921.2048	8427.0	1932.264	
286	196312.0	45061.152	8498.0	1960.2039	8072.0	1802.9816	8966.0	1950.6912	8552.0	1968.527	
287	195730.0	44906.22	8646.0	2001.0387	8215.0	1840.0963	9103.0	1984.3987	8706.0	2011.7646	
288	195158.0	44750.438	8790.0	2043.6324	8351.0	1874.5627	9235.0	2019.4038	8866.0	2055.4775	
289	194593.0	44593.113	8932.0	2086.1404	8492.0	1912.2324	9384.0	2057.7263	8999.0	2094.2966	
290	194040.0	44442.523	9076.0	2129.4453	8625.0	1946.1005	9512.0	2088.559	9147.0	2136.8804	
291	193403.0	44261.418	9225.0	2174.985	8789.0	1988.916	9656.0	2128.2395	9327.0	2189.8875	
292	192838.0	44106.88	9383.0	2219.7627	8910.0	2021.1202	9793.0	2164.8284	9476.0	2230.833	
293	192270.0	43951.37	9524.0	2259.9783	9033.0	2052.7483	9930.0	2201.855	9643.0	2277.4985	
294	191680.0	43789.453	9670.0	2300.1807	9168.0	2087.3616	10075.0	2242.5942	9807.0	2323.8862	
295	191088.0	43631.68	9818.0	2341.1824	9324.0	2127.6824	10208.0	2275.783	9962.0	2367.1807	
296	190538.0	43485.957	9950.0	2376.5159	9471.0	2163.8635	10355.0	2315.3662	10086.0	2401.7236	
297	189976.0	43336.62	10087.0	2414.3904	9602.0	2197.383	10498.0	2352.0334	10237.0	2442.9897	
298	189396.0	43185.324	10240.0	2453.5044	9743.0	2232.0176	10646.0	2393.3926	10375.0	2479.1733	
299	188782.0	43026.906	10388.0	2490.517	9903.0	2272.1904	10809.0	2436.8513	10518.0	2517.001	
300	188132.0	42862.51	10554.0	2531.54	10055.0	2308.447	10967.0	2481.3667	10692.0	2559.6294	
301	187503.0	42702.562	10726.0	2575.4177	10202.0	2342.1887	11149.0	2533.2144	10820.0	2590.0806	
302	186889.0	42550.7	10874.0	2609.777	10354.0	2376.9507	11321.0	2582.9553	10962.0	2623.07	
303	186285.0	42394.184	11006.0	2641.4385	10502.0	2412.6384	11498.0	2637.487	11109.0	2657.6528	
304	185674.0	42243.324	11151.0	2674.6963	10663.0	2452.7332	11653.0	2682.482	11259.0	2690.1526	
305	185056.0	42089.34	11282.0	2705.2556	10827.0	2492.5283	11818.0	2730.675	11417.0	2725.5881	
306	184399.0	41926.38	11454.0	2746.339	10980.0	2530.2944	11993.0	2780.0889	11574.0	2760.2034	
307	183734.0	41765.527	11634.0	2789.425	11144.0	2567.6912	12166.0	2827.43	11722.0	2793.307	
308	183054.0	41598.633	11815.0	2832.4854	11303.0	2604.8416	12332.0	2874.8425	11896.0	2832.598	
309	182424.0	41443.793	11958.0	2865.183	11452.0	2640.559	12513.0	2926.4062	12053.0	2867.4524	
310	181784.0	41285.176	12109.0	2902.5576	11609.0	2676.6243	12698.0	2976.7705	12200.0	2902.2156	
311	181108.0	41124.312	12268.0	2941.8088	11755.0	2709.69	12892.0	3025.7239	12377.0	2941.836	
312	180501.0	40983.234	12411.0	2974.8665	11919.0	2746.1418	13044.0	3065.2288	12525.0	2973.908	
313	179898.0	40831.316	12552.0	3006.9497	12089.0	2786.6196	13202.0	3112.1897	12659.0	3006.323	
314	179252.0	40682.723	12712.0	3040.0671	12270.0	2828.0037	13350.0	3151.5535	12816.0	3041.097	
315	178580.0	40530.652	12883.0	3073.2166	12440.0	2866.978	13513.0	3196.3787	12984.0	3076.182	
316	177865.0	40370.066	13062.0	3111.0574	12610.0	2906.1965	13702.0	3245.776	13161.0	3110.3035	
317	177202.0	40220.63	13213.0	3142.6008	12766.0	2941.721	13896.0	3295.5757	13323.0	3142.8428	
318	176502.0	40065.85	13376.0	3176.1072	12942.0	2982.668	14084.0	3343.7139	13496.0	3175.0217	
319	175757.0	39904.26	13564.0	3213.4348	13136.0	3025.401	14263.0	3388.2656	13680.0	3212.0156	
320	175030.0	39743.71	13761.0	3253.8286	13306.0	3064.8079	14444.0	3432.6445	13859.0	3248.4043	
321	174321.0	39588.434	13935.0	3289.4702	13483.0	3105.0322	14620.0	3473.1511	14041.0	3287.3113	
322	173586.0	39432.91	14123.0	3324.4666	13690.0	3152.6348	14790.0	3510.9177	14211.0	3322.4836	
323	172842.0	39266.64	14328.0	3363.5945	13867.0	3195.3225	14964.0	3552.8923	14399.0	3364.9802	
324	172096.0	39106.957	14535.0	3399.5513	14063.0	3242.959	15133.0	3593.6143	14573.0	3400.3967	
325	171378.0	38949.32	14723.0	3435.223	14241.0	3286.2244	15297.0	3630.4023	14761.0	3442.3176	
326	170618.0	38782.566	14913.0	3471.189	14445.0	3335.2861	15462.0	3669.4902	14962.0	3484.9866	
327	169896.0	38630.863	15065.0	3499.0544	14652.0	3385.9258	15627.0	3703.882	15160.0	3523.8035	
328	169165.0	38470.89	15238.0	3531.1567	14843.0	3436.0938	15797.0	3740.611	15357.0	3564.798	
329	168413.0	38304.5	15417.0	3566.2803	15019.0	3484.2793	15965.0	3775.5708	15586.0	3612.9194	
330	167658.0	38143.016	15608.0	3602.9048	15217.0	3534.5078	16136.0	3810.2805	15781.0	3652.788	
331	166906.0	37982.12	15796.0	3636.1702	15416.0	3585.584	16311.0	3847.2131	15971.0	3692.4524	
332	166168.0	37824.72	15959.0	3666.6836	15610.0	3636.134	16491.0	3883.8	16172.0	3732.2056	
333	165424.0	37662.516	16135.0	3698.7854	15809.0	3691.484	16666.0	3920.1726	16366.0	3770.5918	
334	164748.0	37517.523	16295.0	3726.69	15984.0	3738.7031	16823.0	3955.9019	16550.0	3804.7654	
335	164002.0	37353.066	16457.0	3758.46	16183.0	3793.9092	17011.0	3994.6836	16747.0	3843.5269	
336	163222.0	37180.97	16630.0	3790.5864	16389.0	3848.9229	17203.0	4039.7498	16956.0	3883.418	
337	162440.0	37010.383	16798.0	3821.2007	16592.0	3903.6077	17405.0	4085.4014	17165.0	3923.065	
338	161660.0	36836.945	16958.0	3852.1516	16799.0	3958.7449	17621.0	4131.251	17362.0	3964.5962	
339	160905.0	36670.543	17151.0	3889.2783	16989.0	4011.534	17800.0	4169.957	17555.0	4002.2852	
340	160041.0	36477.434	17387.0	3936.1802	17198.0	4064.1743	18013.0	4221.568	17761.0	4044.1865	
341	159253.0	36297.01	17597.0	3979.7007	17378.0	4109.9717	18225.0	4274.6045	17947.0	4082.192	
342	158469.0	36119.652	17785.0	4016.0054	17568.0	4156.793	18451.0	4331.5234	18127.0	4119.459	
343	157666.0	35936.332	17984.0	4057.4448	17777.0	4206.4634	18641.0	4380.055	18332.0	4163.2007	
344	156841.0	35748.082	18201.0	4100.1436	17953.0	4248.3965	18858.0	4436.9927	18547.0	4209.8745	
345	156036.0	35558.86	18387.0	4138.2456	18148.0	4293.0054	19082.0	4498.5947	18747.0	4254.78	
346	155235.0	35361.25	18580.0	4180.2334	18310.0	4333.307	19326.0	4568.389	18949.0	4300.319	
347	154397.0	35159.145	18792.0	4227.1255	18482.0	4375.0347	19557.0	4630.3306	19172.0	4351.874	
348	153546.0	34950.336	18993.0	4272.3823	18661.0	4420.0947	19815.0	4697.708	19385.0	4402.9365	
349	152733.0	34752.168	19205.0	4317.814	18846.0	4467.5576	20025.0	4756.004	19591.0	4449.812	
350	151888.0	34541.164	19428.0	4366.2144	19031.0	4513.864	20258.0	4823.563	19795.0	4498.4946	
351	151037.0	34319.855	19662.0	4418.583	19235.0	4570.0566	20483.0	4889.364	19983.0	4545.4775	
352	150201.0	34110.08	19871.0	4464.213	19445.0	4626.57	20701.0	4949.7397	20182.0	4592.791	
353	149321.0	33885.484	20120.0	4519.221	19666.0	4688.1416	20914.0	5009.5093	20379.0	4641.039	
354	148459.0	33660.44	20351.0	4571.5005	19891.0	4754.7505	21111.0	5063.8164	20588.0	4692.9053	
355	147558.0	33437.613	20552.0	4613.6484	20129.0	4819.7944	21343.0	5124.4883	20818.0	4747.818	
356	146707.0	33225.074	20780.0	4663.5205	20320.0	4873.408	21543.0	5175.6797	21050.0	4805.703	
357	145824.0	33002.547	21012.0	4713.0073	20530.0	4934.919	21764.0	5233.448	21270.0	4859.4673	
358	144978.0	32787.414	21229.0	4759.7285	20741.0	4996.8374	21964.0	5285.785	21488.0	4913.6978	
359	144090.0	32572.78	21464.0	4811.0713	20965.0	5056.654	22188.0	5340.406	21693.0	4962.5347	
360	143232.0	32362.965	21670.0	4854.048	21206.0	5120.9067	22394.0	5391.512	21898.0	5013.985	
361	142396.0	32159.736	21883.0	4900.746	21421.0	5176.29	22623.0	5449.4155	22077.0	5057.2505	
362	141501.0	31943.195	22090.0	4946.2803	21635.0	5233.066	22883.0	5513.6006	22291.0	5107.2754	
363	140663.0	31739.371	22300.0	4995.8813	21840.0	5287.3467	23120.0	5569.789	22477.0	5150.9946	
364	139769.0	31522.998	22543.0	5049.609	22063.0	5347.234	23334.0	5621.525	22691.0	5202.025	
365	138925.0	31312.334	22750.0	5100.2827	22276.0	5402.8374	23547.0	5674.6562	22902.0	5253.2627	
366	138053.0	31102.662	22967.0	5151.485	22490.0	5459.6323	23758.0	5721.4116	23132.0	5308.1577	
367	137186.0	30901.617	23163.0	5193.9995	22714.0	5514.88	23988.0	5771.9233	23349.0	5360.884	
368	136298.0	30688.727	23380.0	5241.6045	22938.0	5572.359	24205.0	5818.8325	23579.0	5421.7925	
369	135390.0	30474.932	23584.0	5283.88	23151.0	5625.8525	24451.0	5874.8804	23824.0	5483.7856	
370	134418.0	30248.906	23816.0	5335.3237	23377.0	5680.76	24717.0	5931.4043	24072.0	5546.935	
371	133501.0	30037.45	24038.0	5385.392	23611.0	5732.6914	24927.0	5975.744	24323.0	5612.054	
372	132547.0	29819.008	24266.0	5432.955	23829.0	5781.788	25192.0	6032.984	24566.0	5676.6016	
373	131622.0	29605.793	24493.0	5480.8286	24064.0	5833.6484	25426.0	6084.9834	24795.0	5738.122	
374	130712.0	29402.652	24714.0	5526.9126	24277.0	5878.3115	25661.0	6136.722	25036.0	5798.763	
375	129788.0	29195.018	24932.0	5574.1533	24502.0	5925.3794	25897.0	6189.075	25281.0	5859.7	
376	128833.0	28973.86	25168.0	5625.725	24696.0	5968.045	26169.0	6248.835	25534.0	5926.8403	
377	127881.0	28755.066	25392.0	5675.3667	24930.0	6020.5435	26431.0	6308.912	25766.0	5983.4194	
378	126962.0	28544.705	25602.0	5719.927	25141.0	6067.002	26680.0	6365.656	26015.0	6046.0376	
379	126059.0	28341.697	25809.0	5765.592	25338.0	6108.6113	26951.0	6426.0767	26243.0	6101.3555	
380	125132.0	28134.816	26034.0	5815.017	25559.0	6151.947	27200.0	6483.905	26475.0	6157.665	
381	124189.0	27922.2	26256.0	5867.0024	25763.0	6192.8076	27473.0	6543.955	26719.0	6217.377	
382	123281.0	27725.559	26470.0	5912.822	25969.0	6235.095	27730.0	6599.36	26950.0	6270.509	
383	122422.0	27546.057	26684.0	5959.0625	26187.0	6274.483	27941.0	6644.0674	27166.0	6319.6816	
384	121579.0	27370.4	26890.0	6001.301	26387.0	6312.186	28171.0	6694.1133	27373.0	6365.3438	
385	120735.0	27200.734	27088.0	6041.5137	26602.0	6350.862	28411.0	6745.385	27564.0	6404.8477	
386	119918.0	27027.88	27289.0	6085.9316	26802.0	6387.106	28617.0	6791.2065	27774.0	6451.214	
387	119076.0	26852.086	27478.0	6128.817	27015.0	6425.6924	28852.0	6842.15	27979.0	6494.603	
388	118183.0	26663.389	27729.0	6185.5327	27224.0	6461.0586	29082.0	6894.739	28182.0	6538.6616	
389	117348.0	26479.889	27976.0	6243.676	27394.0	6491.643	29319.0	6951.149	28363.0	6577.017	
390	116527.0	26303.785	28201.0	6296.1846	27588.0	6525.9243	29528.0	6999.717	28556.0	6617.7563	
391	115741.0	26131.861	28404.0	6348.812	27766.0	6555.976	29724.0	7046.593	28765.0	6660.108	
392	114904.0	25952.05	28627.0	6407.036	27958.0	6587.281	29930.0	7093.222	28981.0	6703.78	
393	114047.0	25761.861	28842.0	6465.868	28162.0	6622.463	30150.0	7146.1636	29199.0	6746.973	
394	113180.0	25568.889	29057.0	6526.656	28379.0	6660.245	30376.0	7200.165	29408.0	6787.3613	
395	112368.0	25390.256	29272.0	6584.297	28560.0	6692.9297	30576.0	7249.407	29624.0	6826.4136	
396	111591.0	25214.541	29461.0	6638.5034	28738.0	6726.755	30778.0	7300.646	29832.0	6862.849	
397	110807.0	25037.402	29684.0	6701.2935	28929.0	6763.431	30972.0	7345.8804	30008.0	6895.309	
398	110046.0	24863.395	29862.0	6756.125	29130.0	6803.87	31150.0	7388.1475	30212.0	6931.7812	
399	109276.0	24688.5	30066.0	6815.123	29322.0	6842.4805	31327.0	7428.917	30409.0	6968.2817	
400	108532.0	24515.979	30249.0	6869.4043	29512.0	6881.123	31505.0	7471.4204	30602.0	7005.365	
401	107776.0	24337.857	30457.0	6930.094	29711.0	6921.337	31672.0	7511.2056	30784.0	7042.8047	
402	107024.0	24164.73	30673.0	6992.095	29887.0	6955.6895	31842.0	7551.495	30974.0	7079.291	
403	106219.0	23976.57	30888.0	7053.568	30081.0	6994.5684	32047.0	7600.0845	31165.0	7118.5176	
404	105410.0	23794.2	31097.0	7111.3335	30270.0	7032.1157	32239.0	7645.4077	31384.0	7160.293	
405	104637.0	23615.422	31296.0	7164.672	30432.0	7067.9917	32438.0	7694.2563	31597.0	7200.9956	
406	103877.0	23438.805	31481.0	7216.706	30617.0	7109.0493	32632.0	7739.2017	31793.0	7239.6123	
407	103071.0	23247.791	31665.0	7268.2856	30823.0	7156.0615	32839.0	7790.061	32002.0	7281.1753	
408	102342.0	23084.783	31824.0	7310.4893	31029.0	7199.9287	33018.0	7833.3047	32187.0	7314.8604	
409	101575.0	22917.514	31982.0	7351.9272	31254.0	7248.508	33191.0	7872.983	32398.0	7352.425	
410	100821.0	22748.781	32170.0	7399.424	31448.0	7292.3345	33359.0	7911.6333	32602.0	7391.1987	
411	100053.0	22579.916	32363.0	7450.4985	31647.0	7336.3237	33530.0	7949.905	32807.0	7426.7793	
412	99316.0	22419.76	32556.0	7501.981	31844.0	7379.563	33693.0	7983.756	32991.0	7458.3857	
413	98585.0	22261.396	32771.0	7557.0327	32019.0	7417.925	33848.0	8016.9097	33177.0	7490.1987	
414	97867.0	22102.75	32951.0	7602.298	32200.0	7460.007	34016.0	8053.0127	33366.0	7525.4272	
415	97113.0	21936.05	33149.0	7652.255	32381.0	7502.11	34192.0	8091.451	33565.0	7561.632	
416	96369.0	21770.385	33340.0	7700.0635	32570.0	7546.1475	34380.0	8132.984	33741.0	7593.8696	
417	95650.0	21612.676	33503.0	7738.6445	32766.0	7591.122	34563.0	8174.217	33918.0	7626.7856	
418	94931.0	21452.99	33689.0	7784.9854	32937.0	7633.2744	34739.0	8211.082	34104.0	7661.097	
419	94238.0	21296.238	33847.0	7824.5483	33112.0	7677.1255	34907.0	8249.462	34296.0	7696.0415	
420	93524.0	21128.916	34018.0	7868.189	33281.0	7719.2715	35104.0	8294.883	34473.0	7732.1147	
421	92812.0	20960.252	34191.0	7911.2163	33457.0	7765.449	35276.0	8333.468	34664.0	7772.9927	
422	92058.0	20779.068	34375.0	7956.4146	33636.0	7812.182	35484.0	8383.411	34847.0	7812.312	
423	91388.0	20619.406	34542.0	7996.3286	33784.0	7849.2236	35661.0	8426.145	35025.0	7852.2866	
424	90670.0	20444.314	34696.0	8037.1753	33944.0	7891.6577	35852.0	8469.695	35238.0	7900.569	
425	89956.0	20270.63	34878.0	8082.176	34120.0	7935.467	36028.0	8511.667	35418.0	7943.4487	
426	89265.0	20103.066	35045.0	8123.1	34288.0	7973.372	36200.0	8555.519	35602.0	7988.316	
427	88570.0	19927.982	35212.0	8166.2485	34446.0	8011.222	36389.0	8602.225	35783.0	8035.6953	
428	87858.0	19745.533	35372.0	8206.557	34609.0	8054.443	36571.0	8648.992	35990.0	8087.8384	
429	87151.0	19567.85	35511.0	8242.017	34782.0	8095.4746	36778.0	8700.021	36178.0	8137.975	
430	86438.0	19388.092	35667.0	8279.43	34947.0	8137.2534	36980.0	8747.851	36368.0	8190.6855	
431	85753.0	19208.594	35813.0	8317.454	35110.0	8177.2866	37147.0	8788.943	36577.0	8251.041	
432	85026.0	19021.57	35977.0	8359.429	35279.0	8217.858	37326.0	8828.717	36792.0	8315.731	
433	84295.0	18828.855	36137.0	8399.229	35455.0	8263.147	37525.0	8873.49	36988.0	8378.584	
434	83570.0	18641.965	36290.0	8438.507	35639.0	8306.844	37700.0	8914.256	37201.0	8441.732	
435	82852.0	18458.11	36458.0	8481.34	35801.0	8346.492	37897.0	8957.863	37392.0	8499.509	
436	82160.0	18282.988	36635.0	8525.461	35956.0	8382.281	38062.0	8997.069	37587.0	8555.529	
437	81480.0	18112.795	36802.0	8567.203	36104.0	8416.536	38235.0	9036.089	37779.0	8610.677	
438	80798.0	17947.094	36962.0	8606.008	36254.0	8450.542	38423.0	9077.214	37963.0	8662.465	
439	80077.0	17772.287	37133.0	8647.202	36435.0	8492.85	38600.0	9113.376	38155.0	8717.621	
440	79401.0	17606.504	37280.0	8683.507	36600.0	8534.464	38783.0	9150.416	38336.0	8768.443	
441	78705.0	17440.514	37433.0	8720.409	36782.0	8575.978	38960.0	9186.311	38520.0	8820.104	
442	77974.0	17266.508	37592.0	8758.132	36966.0	8619.934	39148.0	9222.801	38720.0	8875.943	
443	77290.0	17099.09	37774.0	8802.827	37137.0	8663.439	39316.0	9256.922	38883.0	8921.032	
444	76598.0	16934.666	37958.0	8846.381	37307.0	8706.445	39484.0	9289.626	39053.0	8966.211	
445	75919.0	16770.768	38107.0	8881.214	37470.0	8749.523	39668.0	9323.958	39236.0	9017.844	
446	75196.0	16601.982	38291.0	8924.367	37653.0	8794.475	39853.0	9359.034	39407.0	9063.444	
447	74562.0	16453.232	38460.0	8964.3	37796.0	8831.011	40018.0	9390.139	39564.0	9104.637	
448	73894.0	16299.146	38623.0	9003.352	37963.0	8875.67	40192.0	9422.786	39728.0	9142.364	
449	73252.0	16150.035	38784.0	9041.557	38130.0	8924.14	40346.0	9450.268	39888.0	9177.327	
450	72530.0	15985.292	38959.0	9083.824	38320.0	8979.399	40536.0	9483.926	40055.0	9210.892	
451	71857.0	15827.904	39139.0	9125.556	38493.0	9027.335	40672.0	9511.2	40239.0	9251.337	
452	71171.0	15672.904	39330.0	9170.093	38658.0	9073.43	40847.0	9543.885	40394.0	9283.002	
453	70480.0	15519.757	39506.0	9210.194	38812.0	9112.482	41029.0	9579.613	40573.0	9321.272	
454	69840.0	15366.848	39668.0	9249.681	38964.0	9154.424	41194.0	9614.25	40734.0	9358.11	
455	69187.0	15220.42	39813.0	9283.581	39132.0	9197.807	41352.0	9646.059	40916.0	9395.424	
456	68518.0	15073.505	39963.0	9318.595	39292.0	9239.439	41536.0	9681.294	41091.0	9430.454	
457	67821.0	14917.825	40137.0	9357.629	39464.0	9285.364	41733.0	9721.022	41245.0	9461.452	
458	67120.0	14758.232	40294.0	9392.313	39628.0	9328.266	41928.0	9763.325	41430.0	9501.1875	
459	66396.0	14598.358	40467.0	9429.823	39792.0	9372.268	42140.0	9808.572	41605.0	9534.292	
460	65714.0	14450.943	40640.0	9464.816	39954.0	9413.365	42304.0	9843.351	41788.0	9570.834	
461	65030.0	14304.7295	40791.0	9496.259	40117.0	9451.31	42490.0	9886.142	41972.0	9604.855	
462	64381.0	14163.981	40957.0	9529.619	40273.0	9491.907	42646.0	9920.17	42143.0	9637.63	
463	63719.0	14023.449	41121.0	9561.779	40426.0	9527.325	42825.0	9962.069	42309.0	9668.684	
464	63065.0	13884.685	41256.0	9588.167	40590.0	9564.002	43010.0	10005.642	42479.0	9700.797	
465	62395.0	13740.8125	41404.0	9617.248	40754.0	9601.983	43202.0	10051.542	42645.0	9731.68	
466	61730.0	13600.2705	41553.0	9646.481	40927.0	9636.803	43371.0	10094.944	42819.0	9764.764	
467	61042.0	13452.956	41706.0	9677.048	41112.0	9674.903	43548.0	10141.11	42992.0	9797.242	
468	60392.0	13313.78	41856.0	9706.317	41263.0	9705.094	43716.0	10186.008	43173.0	9832.046	
469	59694.0	13167.422	42008.0	9735.125	41431.0	9738.911	43900.0	10234.398	43367.0	9867.394	
470	59027.0	13019.222	42144.0	9761.356	41602.0	9773.604	44100.0	10289.778	43527.0	9899.291	
471	58309.0	12866.502	42293.0	9789.799	41792.0	9809.023	44299.0	10343.687	43707.0	9934.253	
472	57655.0	12723.373	42437.0	9816.866	41953.0	9839.838	44464.0	10387.962	43891.0	9975.245	
473	57000.0	12584.337	42586.0	9843.525	42109.0	9870.511	44620.0	10428.563	44085.0	10016.35	
474	56384.0	12452.426	42711.0	9865.494	42256.0	9900.635	44786.0	10470.664	44263.0	10054.056	
475	55765.0	12324.651	42849.0	9889.691	42422.0	9932.842	44921.0	10501.323	44443.0	10094.757	
476	55150.0	12193.853	42999.0	9917.984	42563.0	9960.686	45084.0	10538.863	44604.0	10131.873	
477	54474.0	12060.587	43163.0	9946.098	42730.0	9991.427	45244.0	10574.323	44789.0	10170.817	
478	53835.0	11924.206	43319.0	9975.538	42895.0	10027.249	45392.0	10608.088	44959.0	10208.172	
479	53214.0	11786.014	43453.0	10003.455	43064.0	10066.1	45546.0	10643.146	45123.0	10244.545	
480	52578.0	11651.979	43589.0	10029.17	43222.0	10099.398	45731.0	10683.088	45280.0	10279.624	
481	51937.0	11517.711	43729.0	10058.58	43403.0	10136.162	45880.0	10714.703	45451.0	10316.102	
482	51283.0	11377.98	43870.0	10089.657	43596.0	10176.847	46029.0	10745.157	45622.0	10353.609	
483	50586.0	11227.813	44022.0	10126.794	43774.0	10212.75	46207.0	10780.685	45811.0	10395.181	
484	49930.0	11083.526	44186.0	10164.449	43916.0	10242.367	46386.0	10819.398	45982.0	10433.504	
485	49265.0	10932.8545	44352.0	10205.728	44091.0	10278.573	46548.0	10851.901	46144.0	10474.18	
486	48633.0	10793.215	44535.0	10251.244	44228.0	10305.569	46724.0	10888.11	46280.0	10505.092	
487	47934.0	10633.018	44730.0	10302.446	44397.0	10342.665	46881.0	10918.505	46458.0	10546.605	
488	47252.0	10478.192	44899.0	10347.762	44577.0	10382.308	47048.0	10949.702	46624.0	10585.296	
489	46560.0	10319.885	45067.0	10393.925	44766.0	10423.85	47198.0	10978.108	46809.0	10627.506	
490	45859.0	10159.149	45246.0	10445.863	44947.0	10462.884	47359.0	11006.73	46989.0	10668.631	
491	45220.0	10008.165	45403.0	10491.014	45106.0	10501.311	47511.0	11035.099	47160.0	10707.673	
492	44603.0	9861.42	45547.0	10531.356	45269.0	10541.671	47660.0	11062.242	47321.0	10746.566	
493	43971.0	9710.573	45696.0	10574.108	45446.0	10586.1045	47811.0	11088.551	47476.0	10783.932	
494	43366.0	9569.339	45847.0	10614.453	45606.0	10627.05	47955.0	11113.461	47626.0	10818.97	
495	42743.0	9417.219	45996.0	10655.388	45775.0	10671.16	48086.0	11137.172	47800.0	10862.348	
496	42117.0	9265.453	46144.0	10693.301	45962.0	10719.673	48219.0	11160.765	47958.0	10904.101	
497	41484.0	9120.626	46288.0	10731.593	46113.0	10756.998	48388.0	11188.325	48127.0	10945.751	
498	40825.0	8968.493	46436.0	10766.48	46287.0	10802.871	48559.0	11217.526	48293.0	10987.908	
499	40165.0	8818.456	46611.0	10807.86	46452.0	10847.606	48720.0	11245.488	48452.0	11023.867	
500	39552.0	8678.382	46768.0	10843.707	46607.0	10888.341	48872.0	11273.152	48601.0	11059.697	
501	38946.0	8532.457	46927.0	10881.9	46758.0	10929.964	49023.0	11302.557	48746.0	11096.411	
502	38278.0	8375.899	47086.0	10918.143	46938.0	10979.407	49199.0	11337.214	48899.0	11132.638	
503	37611.0	8220.776	47242.0	10954.554	47101.0	11021.858	49374.0	11371.846	49072.0	11174.268	
504	37021.0	8079.001	47367.0	10983.418	47243.0	11057.538	49532.0	11403.181	49237.0	11220.154	
505	36374.0	7922.9546	47515.0	11017.971	47388.0	11093.786	49700.0	11438.754	49423.0	11269.817	
506	35739.0	7770.6855	47667.0	11053.949	47554.0	11134.689	49858.0	11473.446	49582.0	11310.502	
507	35108.0	7626.693	47825.0	11089.666	47681.0	11166.74	50030.0	11507.3545	49756.0	11352.804	
508	34443.0	7473.094	47993.0	11128.954	47813.0	11196.677	50205.0	11542.36	49946.0	11402.173	
509	33786.0	7317.7344	48161.0	11166.63	47969.0	11234.734	50374.0	11577.879	50110.0	11446.283	
510	33108.0	7156.923	48329.0	11205.607	48129.0	11275.859	50546.0	11614.373	50288.0	11490.507	
511	32445.0	6999.012	48497.0	11246.63	48283.0	11312.282	50708.0	11649.2705	50467.0	11536.051	
512	31798.0	6846.688	48657.0	11282.092	48440.0	11350.805	50855.0	11683.478	50650.0	11580.18	
513	31163.0	6701.0723	48799.0	11314.247	48582.0	11383.72	51006.0	11715.167	50850.0	11629.028	
514	30514.0	6551.092	48938.0	11344.154	48756.0	11425.232	51176.0	11750.217	51016.0	11672.525	
515	29872.0	6413.305	49071.0	11370.006	48943.0	11467.161	51347.0	11784.457	51167.0	11708.297	
516	29188.0	6256.314	49230.0	11406.86	49107.0	11502.807	51528.0	11823.144	51347.0	11754.107	
517	28555.0	6111.51	49380.0	11440.934	49260.0	11537.766	51709.0	11860.026	51496.0	11793.007	
518	27941.0	5971.0835	49541.0	11475.858	49402.0	11568.897	51858.0	11892.578	51658.0	11834.83	
519	27278.0	5820.9473	49687.0	11508.981	49566.0	11604.725	52018.0	11930.052	51851.0	11878.539	
520	26606.0	5667.157	49843.0	11542.33	49734.0	11642.088	52199.0	11971.418	52018.0	11920.248	
521	26002.0	5532.183	50004.0	11579.144	49862.0	11669.825	52348.0	12002.19	52184.0	11959.905	
522	25375.0	5391.3833	50153.0	11612.849	50017.0	11701.9375	52505.0	12036.178	52350.0	12000.89	
523	24711.0	5243.436	50316.0	11649.725	50165.0	11731.7295	52698.0	12079.095	52510.0	12039.255	
