SIMULATION PARAMETERS:
n = 18
m = 32
p = 2
resource_noise_scale = 0.41666666
q = 0.0
E_C = 0.0
P_HF = 0.5
R_t = 0.0
SIMULATION DATA:
t	NATION 0 S	NATION 0 R	NATION 0 A_BAR	NATION 0 ACTION	NATION 1 S	NATION 1 R	NATION 1 A_BAR	NATION 1 ACTION	
1	1	1.0	0.0	Null	1	1.0	0.0	Null	
2	2	1.528335	0.0	Colonize	2	1.6151102	0.0	Colonize	
3	3	1.9956096	0.5	Colonize	3	2.027013	0.5	Colonize	
4	4	2.4406717	1.3333334	Colonize	4	2.2753696	1.3333334	Colonize	
5	5	2.8563118	1.75	Colonize	5	2.4663818	1.75	Colonize	
6	6	3.253295	2.4	Colonize	6	2.5954309	2.4	Colonize	
7	7	3.636117	2.5	Colonize	7	2.7105227	2.8333333	Colonize	
8	8	4.0164433	2.857143	Colonize	8	2.7871788	3.142857	Colonize	
9	9	4.296199	3.375	Colonize	9	2.835089	3.375	Colonize	
10	10	5.296199	3.5555556	Colonize	10	3.835089	3.5555556	Colonize	
11	11	5.8568125	4.8	Colonize	11	4.298185	4.8	Colonize	
12	12	6.3397036	4.909091	Colonize	12	4.4911904	4.7272725	Colonize	
13	13	6.679487	5.0	Colonize	13	4.582664	5.0	Colonize	
14	14	7.2424507	5.076923	Colonize	14	5.106487	5.076923	Colonize	
15	15	7.6889396	5.0	Colonize	15	5.332983	5.0	Colonize	
16	16	8.0759115	5.0666666	Colonize	16	5.449075	5.2	Colonize	
17	17	8.467743	5.375	Colonize	17	5.8421555	5.25	Colonize	
18	18	9.020142	5.4117646	Colonize	18	6.0309424	5.1764708	Colonize	
19	19	9.561939	5.3333335	Colonize	19	6.113231	5.3333335	Colonize	
20	20	10.052182	5.4736843	Colonize	20	6.560099	5.368421	Colonize	
21	21	10.318805	5.6	Colonize	21	6.919132	5.3	Colonize	
22	22	10.787837	5.6190476	Colonize	22	7.165648	5.428571	Colonize	
23	23	11.153797	5.5454545	Colonize	23	7.4928455	5.5454545	Colonize	
24	24	11.446109	5.652174	Colonize	24	7.674093	5.652174	Colonize	
25	25	11.858106	5.75	Colonize	25	7.941662	5.75	Colonize	
26	26	12.299369	5.84	Colonize	26	8.282254	5.76	Colonize	
27	27	12.8277235	5.8461537	Colonize	27	8.537697	5.769231	Colonize	
28	28	13.263506	5.7777777	Colonize	28	8.7822485	5.851852	Colonize	
29	29	13.590333	5.857143	Colonize	29	8.9838505	5.857143	Colonize	
30	30	14.055121	5.9310346	Colonize	30	9.1976795	5.9310346	Colonize	
31	31	14.351251	6.0	Colonize	31	9.386904	6.0	Colonize	
32	32	15.010828	6.0	Colonize	32	9.680507	6.0	Colonize	
33	33	15.508947	5.9375	Colonize	33	9.927529	6.0	Colonize	
34	34	15.919018	6.0	Colonize	34	10.151365	5.939394	Colonize	
35	35	16.34777	6.0588236	Colonize	35	10.309301	6.0588236	Colonize	
36	36	16.797836	6.114286	Colonize	36	10.381064	6.114286	Colonize	
37	37	16.992947	6.1666665	Colonize	37	10.756232	6.111111	Colonize	
38	38	17.461714	6.1621623	Colonize	38	10.906093	6.0540543	Colonize	
39	39	17.870358	6.1578946	Colonize	39	10.983678	6.105263	Colonize	
40	40	18.206686	6.1538463	Colonize	40	11.053667	6.1538463	Colonize	
41	41	18.508938	6.2	Colonize	41	11.190692	6.2	Colonize	
42	42	18.720337	6.243902	Colonize	42	11.542217	6.195122	Colonize	
43	43	19.04845	6.285714	Colonize	43	11.682145	6.142857	Colonize	
44	44	19.424969	6.27907	Colonize	44	11.757412	6.1860466	Colonize	
45	45	19.738434	6.2727275	Colonize	45	11.824688	6.2272725	Colonize	
46	46	20.043016	6.311111	Colonize	46	12.028348	6.266667	Colonize	
47	47	20.3449	6.347826	Colonize	47	12.358018	6.2608695	Colonize	
48	48	20.602467	6.382979	Colonize	48	12.596851	6.212766	Colonize	
49	49	20.826122	6.375	Colonize	49	12.668167	6.25	Colonize	
50	50	20.99198	6.408163	Colonize	50	12.788635	6.285714	Colonize	
51	51	21.263786	6.4	Colonize	51	12.929498	6.32	Colonize	
52	52	21.534628	6.392157	Colonize	52	12.981069	6.352941	Colonize	
53	53	21.740313	6.423077	Colonize	53	13.061999	6.3846154	Colonize	
54	54	21.94576	6.4528303	Colonize	54	13.15452	6.4150944	Colonize	
55	55	22.06015	6.4814816	Colonize	55	13.193465	6.4444447	Colonize	
56	56	22.150354	6.4727273	Colonize	56	13.669494	6.4363637	Colonize	
57	57	22.26735	6.5	Colonize	57	14.063051	6.392857	Colonize	
58	58	22.583908	6.491228	Colonize	58	14.147629	6.4210525	Colonize	
59	59	22.823399	6.4827585	Colonize	59	14.236788	6.448276	Colonize	
60	60	23.046665	6.4745765	Colonize	60	14.410768	6.4745765	Colonize	
61	61	23.232979	6.5	Colonize	61	14.514752	6.5	Colonize	
62	62	23.441267	6.52459	Colonize	62	14.691531	6.52459	Colonize	
63	63	23.580305	6.548387	Colonize	63	14.786999	6.548387	Colonize	
64	64	23.688179	6.571429	Colonize	64	14.870139	6.571429	Colonize	
65	65	24.038939	6.5625	Colonize	65	15.351493	6.5625	Colonize	
66	66	24.290709	6.5538464	Colonize	66	15.672778	6.523077	Colonize	
67	67	24.450623	6.5454545	Colonize	67	15.796405	6.4848485	Colonize	
68	68	24.599426	6.567164	Colonize	68	15.88766	6.477612	Colonize	
69	69	24.81134	6.5882354	Colonize	69	15.956316	6.529412	Colonize	
70	70	25.129934	6.6086955	Colonize	70	16.037516	6.5507245	Colonize	
71	71	25.300789	6.6285715	Contest	71	16.187492	6.571429	Colonize	
72	72	25.696014	6.619718	Colonize	72	16.46984	6.5915494	Colonize	
73	73	25.974146	6.611111	Colonize	73	16.88926	6.611111	Colonize	
74	74	26.078274	6.630137	Colonize	74	17.209507	6.60274	Colonize	
75	75	26.161217	6.6486487	Colonize	75	17.49132	6.5945945	Colonize	
76	76	26.451246	6.6666665	Colonize	76	17.768408	6.613333	Colonize	
77	77	26.752832	6.6842103	Colonize	77	17.916136	6.605263	Colonize	
78	78	26.981325	6.6753244	Contest	78	18.044184	6.623377	Colonize	
79	79	27.278662	6.6666665	Colonize	79	18.213861	6.6410255	Colonize	
80	80	27.555119	6.658228	Colonize	80	18.44094	6.658228	Colonize	
81	81	27.78078	6.65	Colonize	81	18.715633	6.675	Colonize	
82	82	28.040035	6.6666665	Colonize	82	18.95061	6.691358	Colonize	
83	83	28.164831	6.6829267	Colonize	83	19.239145	6.707317	Colonize	
84	84	28.426514	6.6987953	Colonize	84	19.524286	6.6987953	Colonize	
85	85	28.591646	6.714286	Colonize	85	19.78021	6.6904764	Colonize	
86	86	28.76249	6.7294116	Colonize	86	20.00948	6.7058825	Colonize	
87	87	28.911453	6.744186	Colonize	87	20.243536	6.72093	Colonize	
88	88	29.148373	6.7586207	Colonize	88	20.348091	6.7126436	Colonize	
89	89	29.38128	6.7727275	Colonize	89	20.37596	6.7272725	Colonize	
90	90	29.68027	6.764045	Colonize	90	20.419947	6.741573	Colonize	
91	91	29.820145	6.733333	Colonize	91	20.515722	6.7555556	Colonize	
92	92	29.889063	6.747253	Colonize	92	20.788177	6.747253	Colonize	
93	93	29.950737	6.7608695	Colonize	93	20.92811	6.7173915	Colonize	
94	94	29.999987	6.774194	Colonize	94	20.992556	6.7311826	Colonize	
95	95	30.174696	6.787234	Colonize	95	21.04487	6.744681	Colonize	
96	96	30.278553	6.8	Colonize	96	21.119032	6.7578945	Colonize	
97	97	30.476187	6.8125	Colonize	97	21.133116	6.7708335	Colonize	
98	98	30.633327	6.8247423	Colonize	98	21.207745	6.783505	Colonize	
99	99	30.928226	6.836735	Colonize	99	21.280804	6.7959185	Colonize	
100	100	31.18436	6.848485	Colonize	100	21.400408	6.8080807	Colonize	
101	101	31.601488	6.84	Colonize	101	21.638264	6.8	Colonize	
102	102	31.843174	6.811881	Colonize	102	21.869425	6.792079	Colonize	
103	103	31.987627	6.8235292	Colonize	103	22.091719	6.7647057	Colonize	
104	104	32.063404	6.8349514	Colonize	104	22.30134	6.7961164	Colonize	
105	105	32.1217	6.8461537	Colonize	105	22.47713	6.8076925	Colonize	
106	106	32.282246	6.857143	Colonize	106	22.672373	6.8190475	Colonize	
107	107	32.38817	6.8679247	Colonize	107	22.77798	6.8301888	Colonize	
108	108	32.52739	6.8785048	Colonize	108	22.899317	6.8411217	Colonize	
109	109	32.68997	6.888889	Colonize	109	23.084826	6.851852	Colonize	
110	110	32.891148	6.8990827	Colonize	110	23.275925	6.8623853	Colonize	
111	111	33.15991	6.909091	Colonize	111	23.448828	6.8727274	Colonize	
112	112	33.578323	6.900901	Colonize	112	23.646698	6.882883	Colonize	
113	113	33.94721	6.875	Colonize	113	23.93095	6.875	Colonize	
114	114	34.07812	6.884956	Colonize	114	24.20794	6.8672566	Colonize	
115	115	34.187077	6.894737	Colonize	115	24.435318	6.877193	Colonize	
116	116	34.41436	6.904348	Colonize	116	24.656805	6.8869567	Colonize	
117	117	34.7589	6.913793	Colonize	117	24.82073	6.8965516	Colonize	
118	118	34.96903	6.923077	Colonize	118	25.000898	6.905983	Colonize	
119	119	35.135376	6.9322033	Colonize	119	25.151957	6.898305	Colonize	
120	120	35.26019	6.9411764	Colonize	120	25.287172	6.907563	Colonize	
121	121	35.491127	6.95	Colonize	121	25.470058	6.9166665	Colonize	
122	122	35.813633	6.958678	Colonize	122	25.69325	6.9256196	Colonize	
123	123	36.308784	6.9508195	Colonize	123	25.899982	6.9344263	Colonize	
124	124	36.64485	6.9268293	Colonize	124	26.048807	6.9430895	Colonize	
125	125	36.727932	6.935484	Colonize	125	26.415792	6.935484	Colonize	
126	126	36.835064	6.944	Colonize	126	26.749134	6.928	Colonize	
127	127	37.111843	6.952381	Colonize	127	27.0183	6.9365077	Colonize	
128	128	37.405895	6.96063	Colonize	128	27.20272	6.944882	Colonize	
129	129	37.590588	6.96875	Colonize	129	27.342615	6.953125	Colonize	
130	130	37.83527	6.976744	Colonize	130	27.591694	6.9612403	Colonize	
131	131	37.993298	6.9846153	Colonize	131	27.78734	6.9692307	Colonize	
132	132	38.258682	6.9923663	Colonize	132	28.061712	6.9770994	Colonize	
133	133	38.58028	7.0	Colonize	133	28.404314	6.9848485	Colonize	
134	134	38.95783	6.992481	Colonize	134	28.696426	6.992481	Colonize	
135	135	39.213726	6.9850745	Colonize	135	28.864435	7.0	Colonize	
136	136	39.321533	6.992593	Colonize	136	28.955297	6.992593	Colonize	
137	137	39.45194	7.0	Colonize	137	29.446487	6.9852943	Colonize	
138	138	39.583412	7.0072994	Colonize	138	29.853956	6.978102	Colonize	
139	139	39.7417	7.014493	Colonize	139	30.218008	6.985507	Colonize	
140	140	39.88547	7.0215826	Colonize	140	30.484524	6.992806	Colonize	
141	141	39.98371	7.0142856	Colonize	141	30.810509	7.0	Colonize	
142	142	40.1373	7.0212765	Colonize	142	31.105444	7.007092	Colonize	
143	143	40.391125	7.028169	Colonize	143	31.330555	7.0140843	Colonize	
144	144	40.658783	7.034965	Colonize	144	31.657562	7.020979	Colonize	
145	145	41.014843	7.0277777	Colonize	145	32.100365	7.0277777	Colonize	
146	146	41.220203	7.0206895	Colonize	146	32.533627	7.034483	Colonize	
147	147	41.34914	7.027397	Colonize	147	32.929245	7.0410957	Colonize	
148	148	41.466732	7.020408	Colonize	148	33.036194	7.0340137	Colonize	
149	149	41.642212	7.027027	Colonize	149	33.326363	7.027027	Colonize	
150	150	41.77941	7.033557	Colonize	150	33.571114	7.0201344	Colonize	
151	151	41.992626	7.04	Colonize	151	33.76194	7.0266666	Colonize	
152	152	42.14477	7.0463576	Colonize	152	33.933136	7.0331125	Colonize	
153	153	42.230206	7.0526314	Colonize	153	34.04992	7.0394735	Colonize	
154	154	42.332466	7.0588236	Colonize	154	34.1484	7.0457516	Colonize	
155	155	42.561874	7.064935	Colonize	155	34.229145	7.038961	Colonize	
156	156	42.84039	7.0709677	Colonize	156	34.294716	7.0451612	Colonize	
157	157	43.188473	7.076923	Colonize	157	34.335125	7.051282	Colonize	
158	158	43.471115	7.0700636	Colonize	158	34.347763	7.057325	Colonize	
159	159	43.737286	7.050633	Colonize	159	34.439957	7.063291	Colonize	
160	160	43.98	7.0691824	Colonize	160	34.57973	7.0691824	Colonize	
161	161	44.177155	7.075	Colonize	161	34.868732	7.0625	Colonize	
162	162	44.26511	7.080745	Colonize	162	35.148552	7.0559006	Colonize	
163	163	44.278847	7.0864196	Colonize	163	35.348175	7.037037	Colonize	
164	164	44.347637	7.0920243	Colonize	164	35.526886	7.055215	Colonize	
165	165	44.41523	7.097561	Colonize	165	35.677597	7.0609756	Colonize	
166	166	44.467434	7.10303	Colonize	166	35.767807	7.0666666	Colonize	
167	167	44.64206	7.1084337	Colonize	167	35.863724	7.072289	Colonize	
168	168	44.907005	7.1137724	Colonize	168	35.88734	7.077844	Colonize	
169	169	45.28805	7.107143	Colonize	169	35.94254	7.0833335	Colonize	
170	170	45.66329	7.1005917	Colonize	170	36.02911	7.0887575	Colonize	
171	171	45.859856	7.105882	Colonize	171	36.16964	7.0941176	Colonize	
172	172	45.990158	7.111111	Colonize	172	36.379395	7.0994153	Colonize	
173	173	46.10836	7.104651	Colonize	173	36.586914	7.104651	Colonize	
174	174	46.217873	7.1098266	Colonize	174	36.987232	7.098266	Colonize	
175	175	46.3541	7.1149426	Colonize	175	37.322227	7.091954	Colonize	
176	176	46.45466	7.12	Colonize	176	37.63125	7.0971427	Colonize	
177	177	46.627766	7.125	Colonize	177	37.861908	7.1022725	Colonize	
178	178	46.73118	7.1299434	Colonize	178	38.04852	7.096045	Colonize	
179	179	46.853077	7.1348314	Colonize	179	38.07961	7.101124	Colonize	
180	180	46.977753	7.1396646	Colonize	180	38.176453	7.1061454	Colonize	
181	181	47.38301	7.133333	Colonize	181	38.301136	7.111111	Colonize	
182	182	47.704514	7.127072	Colonize	182	38.383057	7.116022	Colonize	
183	183	48.020725	7.120879	Colonize	183	38.550972	7.120879	Colonize	
184	184	48.101955	7.125683	Colonize	184	38.71168	7.125683	Colonize	
185	185	48.144936	7.130435	Colonize	185	38.89182	7.130435	Colonize	
186	186	48.22404	7.135135	Colonize	186	39.128464	7.135135	Colonize	
187	187	48.375683	7.139785	Colonize	187	39.56605	7.129032	Colonize	
188	188	48.568565	7.144385	Colonize	188	39.928444	7.1229944	Colonize	
189	189	48.945824	7.1489363	Colonize	189	40.171604	7.12766	Colonize	
190	190	49.246834	7.153439	Colonize	190	40.38919	7.132275	Colonize	
191	191	49.44677	7.1578946	Colonize	191	40.531403	7.1263156	Colonize	
192	192	49.56923	7.1623034	Colonize	192	40.60071	7.13089	Colonize	
193	193	50.011127	7.15625	Colonize	193	40.732838	7.1354165	Colonize	
194	194	50.40074	7.150259	Colonize	194	40.896572	7.1398964	Colonize	
195	195	50.68276	7.14433	Colonize	195	41.011364	7.14433	Colonize	
196	196	50.832	7.148718	Colonize	196	41.16267	7.148718	Colonize	
197	197	50.895966	7.1530614	Colonize	197	41.368645	7.1530614	Colonize	
198	198	50.98917	7.1573606	Colonize	198	41.578438	7.1573606	Colonize	
199	199	51.13977	7.1616163	Colonize	199	41.783913	7.1616163	Colonize	
200	200	51.31164	7.165829	Colonize	200	42.157852	7.155779	Colonize	
201	201	51.61994	7.17	Colonize	201	42.443115	7.15	Colonize	
202	202	51.98346	7.1741295	Colonize	202	42.664207	7.1542287	Colonize	
203	203	52.147766	7.178218	Colonize	203	42.893505	7.158416	Colonize	
204	204	52.214046	7.182266	Colonize	204	43.054443	7.1625614	Colonize	
205	205	52.713245	7.1764708	Colonize	205	43.206356	7.1666665	Colonize	
206	206	53.19643	7.1707315	Colonize	206	43.338577	7.1707315	Colonize	
207	207	53.578293	7.1650486	Colonize	207	43.553455	7.1747575	Colonize	
208	208	53.79397	7.169082	Colonize	208	43.65458	7.169082	Colonize	
209	209	53.961205	7.173077	Colonize	209	43.890648	7.173077	Colonize	
210	210	54.105743	7.1770334	Colonize	210	44.08332	7.1770334	Colonize	
211	211	54.258175	7.1809525	Colonize	211	44.262814	7.1809525	Colonize	
212	212	54.34952	7.184834	Colonize	212	44.517315	7.184834	Colonize	
213	213	54.497562	7.188679	Colonize	213	44.917	7.1792455	Colonize	
214	214	54.638855	7.192488	Colonize	214	45.21998	7.173709	Colonize	
215	215	54.7318	7.196262	Colonize	215	45.4549	7.17757	Colonize	
216	216	54.862904	7.2	Colonize	216	45.604954	7.1813955	Colonize	
217	217	55.533737	7.1944447	Colonize	217	45.783405	7.185185	Colonize	
218	218	56.102634	7.18894	Colonize	218	45.90993	7.18894	Colonize	
219	219	56.624676	7.1834865	Colonize	219	46.09029	7.1926603	Colonize	
220	220	56.92788	7.1872144	Colonize	220	46.329575	7.196347	Colonize	
221	221	57.119217	7.190909	Colonize	221	46.410225	7.190909	Colonize	
222	222	57.26379	7.19457	Colonize	222	46.578903	7.19457	Colonize	
223	223	57.360924	7.1981983	Colonize	223	46.73347	7.1981983	Colonize	
224	224	57.415607	7.2017937	Colonize	224	46.984997	7.2017937	Colonize	
225	225	57.53899	7.205357	Colonize	225	47.275143	7.205357	Colonize	
226	226	57.632023	7.208889	Colonize	226	47.49675	7.2	Contest	
227	227	57.6909	7.2123895	Colonize	227	47.71121	7.20354	Contest	
228	228	58.355637	7.215859	Colonize	228	47.713	7.1894274	Contest	
229	229	58.927296	7.2017546	Colonize	229	47.717426	7.1929827	Contest	
230	230	59.323055	7.2052402	Colonize	230	47.76476	7.1965065	Contest	
231	231	59.645824	7.208696	Colonize	231	47.90803	7.2	Contest	
232	232	59.821655	7.212121	Colonize	232	48.073143	7.203463	Contest	
233	233	59.853813	7.215517	Colonize	233	48.112152	7.206897	Contest	
234	234	59.941227	7.218884	Colonize	234	48.109634	7.2103004	Contest	
235	235	60.02682	7.2222223	Colonize	235	48.176743	7.213675	Contest	
236	236	60.179543	7.225532	Colonize	236	48.27359	7.2170215	Contest	
237	237	60.29583	7.2288136	Colonize	237	48.39529	7.2118645	Contest	
238	238	60.348576	7.2320676	Colonize	238	48.532013	7.21519	Contest	
239	239	60.532223	7.2352943	Colonize	239	48.612644	7.2184873	Contest	
240	240	60.835495	7.238494	Colonize	240	48.736805	7.2217574	Contest	
241	241	61.042355	7.241667	Colonize	241	48.75977	7.225	Contest	
242	242	61.128403	7.2448134	Colonize	242	48.840595	7.2282157	Contest	
243	243	61.17582	7.247934	Colonize	242	48.840595	7.231405	Null	
244	244	61.211926	7.251029	Colonize	242	48.840595	7.231405	Null	
245	245	61.320404	7.2540984	Colonize	242	48.840595	7.231405	Null	
246	246	61.81941	7.2489796	Colonize	242	48.840595	7.231405	Null	
247	247	62.22525	7.235772	Colonize	242	48.840595	7.231405	Null	
248	248	62.511314	7.2388663	Colonize	242	48.840595	7.231405	Null	
249	249	62.835396	7.2419353	Colonize	242	48.840595	7.231405	Null	
250	250	62.932796	7.24498	Colonize	242	48.840595	7.231405	Null	
251	251	62.98414	7.248	Colonize	242	48.840595	7.231405	Null	
252	252	63.105747	7.250996	Colonize	242	48.840595	7.231405	Null	
253	253	63.210693	7.2539682	Colonize	242	48.840595	7.231405	Null	
254	254	63.371708	7.256917	Colonize	242	48.840595	7.231405	Null	
255	255	63.570568	7.2598424	Colonize	242	48.840595	7.231405	Null	
256	256	63.73005	7.262745	Colonize	242	48.840595	7.231405	Null	
257	257	63.998714	7.265625	Colonize	242	48.840595	7.231405	Null	
258	258	64.36681	7.2684827	Colonize	242	48.840595	7.231405	Null	
259	259	64.56691	7.271318	Colonize	242	48.840595	7.231405	Null	
260	260	64.68465	7.2741313	Colonize	242	48.840595	7.231405	Null	
261	261	64.784225	7.276923	Colonize	242	48.840595	7.231405	Null	
262	262	64.87751	7.2796936	Colonize	242	48.840595	7.231405	Null	
263	263	65.07729	7.2824426	Colonize	242	48.840595	7.231405	Null	
264	264	65.48543	7.2775664	Colonize	242	48.840595	7.231405	Null	
265	265	65.66998	7.2651515	Colonize	242	48.840595	7.231405	Null	
266	266	65.74588	7.2679243	Colonize	242	48.840595	7.231405	Null	
267	267	65.80154	7.2706766	Colonize	242	48.840595	7.231405	Null	
268	268	66.06152	7.2734084	Colonize	242	48.840595	7.231405	Null	
269	269	66.44889	7.276119	Colonize	242	48.840595	7.231405	Null	
270	270	66.72829	7.2788105	Colonize	242	48.840595	7.231405	Null	
271	271	66.86152	7.2814813	Colonize	242	48.840595	7.231405	Null	
272	272	67.05542	7.284133	Colonize	242	48.840595	7.231405	Null	
273	273	67.190125	7.2867646	Colonize	242	48.840595	7.231405	Null	
274	274	67.37177	7.289377	Colonize	242	48.840595	7.231405	Null	
275	275	67.53799	7.2919707	Colonize	242	48.840595	7.231405	Null	
276	276	67.603134	7.2945457	Colonize	242	48.840595	7.231405	Null	
277	277	67.73655	7.2971015	Colonize	242	48.840595	7.231405	Null	
278	278	67.89026	7.299639	Colonize	242	48.840595	7.231405	Null	
279	279	68.09916	7.3021584	Colonize	242	48.840595	7.231405	Null	
280	280	68.31765	7.3046594	Colonize	242	48.840595	7.231405	Null	
281	281	68.56124	7.3071427	Colonize	242	48.840595	7.231405	Null	
282	282	68.99396	7.302491	Colonize	242	48.840595	7.231405	Null	
283	283	69.18033	7.29078	Colonize	242	48.840595	7.231405	Null	
284	284	69.2572	7.2932863	Colonize	242	48.840595	7.231405	Null	
285	285	69.365906	7.2957745	Colonize	242	48.840595	7.231405	Null	
286	286	69.66986	7.2982454	Colonize	242	48.840595	7.231405	Null	
287	287	70.01883	7.300699	Colonize	242	48.840595	7.231405	Null	
288	288	70.15555	7.303136	Colonize	242	48.840595	7.231405	Null	
289	289	70.30146	7.3055553	Colonize	242	48.840595	7.231405	Null	
290	290	70.46969	7.3079586	Colonize	242	48.840595	7.231405	Null	
291	291	70.67168	7.3103447	Colonize	242	48.840595	7.231405	Null	
292	292	70.82487	7.3127146	Colonize	242	48.840595	7.231405	Null	
293	293	70.9688	7.3150687	Colonize	242	48.840595	7.231405	Null	
294	294	71.10796	7.317406	Colonize	242	48.840595	7.231405	Null	
295	295	71.22053	7.319728	Colonize	242	48.840595	7.231405	Null	
296	296	71.33409	7.322034	Colonize	242	48.840595	7.231405	Null	
297	297	71.480606	7.324324	Colonize	242	48.840595	7.231405	Null	
298	298	71.659546	7.326599	Colonize	242	48.840595	7.231405	Null	
299	299	71.86285	7.328859	Colonize	242	48.840595	7.231405	Null	
300	300	72.34922	7.3244147	Colonize	242	48.840595	7.231405	Null	
301	301	72.63557	7.3133335	Colonize	242	48.840595	7.231405	Null	
302	302	72.863174	7.30897	Colonize	242	48.840595	7.231405	Null	
303	303	73.040924	7.3178806	Colonize	242	48.840595	7.231405	Null	
304	304	73.23173	7.320132	Colonize	242	48.840595	7.231405	Null	
305	305	73.42739	7.3223686	Colonize	242	48.840595	7.231405	Null	
306	306	73.58134	7.32459	Colonize	242	48.840595	7.231405	Null	
307	307	73.72594	7.3267975	Colonize	242	48.840595	7.231405	Null	
308	308	73.9165	7.3289905	Colonize	242	48.840595	7.231405	Null	
309	309	74.10624	7.3311687	Colonize	242	48.840595	7.231405	Null	
310	310	74.265915	7.3333335	Colonize	242	48.840595	7.231405	Null	
311	311	74.47205	7.335484	Colonize	242	48.840595	7.231405	Null	
312	312	74.53616	7.3376207	Colonize	242	48.840595	7.231405	Null	
313	313	74.61772	7.3397436	Colonize	242	48.840595	7.231405	Null	
314	314	74.79369	7.341853	Colonize	242	48.840595	7.231405	Null	
315	315	74.93692	7.343949	Colonize	242	48.840595	7.231405	Null	
316	316	75.00121	7.3460317	Colonize	242	48.840595	7.231405	Null	
317	317	75.23912	7.348101	Colonize	242	48.840595	7.231405	Null	
318	318	75.70873	7.3438487	Colonize	242	48.840595	7.231405	Null	
319	319	76.167694	7.3333335	Colonize	242	48.840595	7.231405	Null	
320	320	76.52879	7.335423	Colonize	242	48.840595	7.231405	Null	
321	321	76.81799	7.3375	Colonize	242	48.840595	7.231405	Null	
322	322	76.99537	7.339564	Colonize	242	48.840595	7.231405	Null	
323	323	77.13419	7.3416147	Colonize	242	48.840595	7.231405	Null	
324	324	77.25517	7.343653	Colonize	242	48.840595	7.231405	Null	
325	325	77.50201	7.345679	Colonize	242	48.840595	7.231405	Null	
326	326	77.70654	7.3476925	Colonize	242	48.840595	7.231405	Null	
327	327	78.05333	7.3496933	Colonize	242	48.840595	7.231405	Null	
328	328	78.3241	7.351682	Colonize	242	48.840595	7.231405	Null	
329	329	78.57962	7.3536587	Colonize	242	48.840595	7.231405	Null	
330	330	78.69125	7.3556232	Colonize	242	48.840595	7.231405	Null	
331	331	78.80525	7.357576	Colonize	242	48.840595	7.231405	Null	
332	332	78.99202	7.3595166	Colonize	242	48.840595	7.231405	Null	
333	333	79.25093	7.361446	Colonize	242	48.840595	7.231405	Null	
334	334	79.36555	7.3633633	Colonize	242	48.840595	7.231405	Null	
335	335	79.516014	7.3652697	Colonize	242	48.840595	7.231405	Null	
336	336	79.47518	7.361194	Contest	242	48.840595	7.231405	Null	
337	337	79.556	7.357143	Contest	241	48.565136	7.231405	Null	
338	338	79.578964	7.3590503	Contest	240	48.347538	7.2282157	Null	
339	338	79.48164	7.3609467	Contest	240	48.25022	7.225	Null	
340	339	79.605804	7.3609467	Contest	239	47.931427	7.225	Null	
341	340	79.68643	7.362832	Contest	238	47.656162	7.2217574	Null	
342	340	79.58911	7.364706	Contest	238	47.558846	7.2184873	Null	
343	341	79.72583	7.364706	Contest	237	47.22749	7.2184873	Null	
344	342	79.84753	7.366569	Contest	236	46.911156	7.21519	Null	
345	342	79.750206	7.368421	Contest	236	46.81384	7.2118645	Null	
346	342	79.652885	7.368421	Contest	236	46.716522	7.2118645	Null	
347	343	79.86734	7.368421	Contest	235	46.30743	7.2118645	Null	
348	343	79.77002	7.3644314	Contest	235	46.210114	7.225532	Null	
349	344	80.15405	7.3644314	Contest	234	45.631443	7.225532	Null	
350	344	80.05673	7.360465	Contest	234	45.534126	7.213675	Null	
351	344	79.95941	7.360465	Contest	234	45.43681	7.213675	Null	
352	344	79.86209	7.360465	Contest	234	45.339493	7.213675	Null	
353	345	80.18419	7.360465	Contest	233	44.822758	7.213675	Null	
354	345	80.08687	7.362319	Contest	233	44.72544	7.2103004	Null	
355	345	79.98955	7.362319	Contest	233	44.628124	7.2103004	Null	
356	346	80.21115	7.362319	Contest	232	44.211884	7.2103004	Null	
357	347	80.386284	7.364162	Contest	231	43.84211	7.206897	Null	
358	348	80.49648	7.3659945	Contest	230	43.537273	7.203463	Null	
359	349	80.62982	7.367816	Contest	229	43.209297	7.2	Null	
360	350	80.750084	7.3696275	Contest	228	42.894394	7.1965065	Null	
361	351	80.907265	7.3714285	Contest	227	42.542576	7.1929827	Null	
362	351	80.809944	7.3732195	Contest	227	42.44526	7.1894274	Null	
363	352	81.00277	7.3732195	Contest	226	42.057796	7.1894274	Null	
364	353	81.00456	7.369318	Contest	225	41.86137	7.20354	Null	
365	354	81.00898	7.3711047	Contest	224	41.66231	7.2	Null	
366	354	80.91166	7.3728814	Contest	224	41.564995	7.196429	Null	
367	355	80.95899	7.3728814	Contest	223	41.32303	7.196429	Null	
368	355	80.86167	7.374648	Contest	223	41.22571	7.1928253	Null	
369	355	80.76435	7.374648	Contest	223	41.128395	7.1928253	Null	
370	356	80.907616	7.374648	Contest	222	40.79049	7.1928253	Null	
371	356	80.810295	7.3764043	Contest	222	40.693172	7.189189	Null	
372	356	80.712975	7.3764043	Contest	222	40.595856	7.189189	Null	
373	357	80.87808	7.3764043	Contest	221	40.23611	7.189189	Null	
374	358	80.91708	7.3781514	Contest	220	40.00247	7.18552	Null	
375	359	80.914566	7.379888	Contest	219	39.810352	7.181818	Null	
376	360	80.98167	7.3816156	Contest	218	39.54861	7.178082	Null	
377	361	81.078514	7.383333	Contest	217	39.25713	7.174312	Null	
378	362	81.45722	7.3795013	Contest	216	38.683784	7.18894	Null	
379	363	81.753456	7.3756905	Contest	215	38.19291	7.1759257	Null	
380	364	81.938484	7.3774104	Contest	214	37.813248	7.172093	Null	
381	365	81.981094	7.379121	Contest	213	37.575996	7.1682243	Null	
382	366	82.09353	7.3808217	Contest	212	37.268925	7.164319	Null	
383	366	81.99621	7.3825135	Contest	212	37.171608	7.1603775	Null	
384	367	82.20791	7.3825135	Contest	211	36.76527	7.1603775	Null	
385	367	82.11059	7.3841963	Contest	211	36.667953	7.1563983	Null	
386	367	82.01327	7.3841963	Contest	211	36.570637	7.1563983	Null	
387	367	81.91595	7.3841963	Contest	211	36.47332	7.1563983	Null	
388	367	81.81863	7.3841963	Contest	211	36.376003	7.1563983	Null	
389	368	81.96447	7.3841963	Contest	210	36.035526	7.1563983	Null	
390	369	82.046646	7.3858695	Contest	209	35.758717	7.152381	Null	
391	370	82.20085	7.3875337	Contest	208	35.409874	7.1483254	Null	
392	370	82.10353	7.383784	Contest	208	35.312557	7.1634617	Null	
393	371	82.09079	7.383784	Contest	207	35.130665	7.1634617	Null	
394	372	82.08263	7.3854446	Contest	206	34.944187	7.1594205	Null	
395	373	82.15929	7.387097	Contest	205	34.67289	7.1553397	Null	
396	374	82.165955	7.38874	Contest	204	34.47159	7.1512194	Null	
397	375	82.245415	7.390374	Contest	203	34.197495	7.147059	Null	
398	375	82.148094	7.392	Contest	203	34.100178	7.142857	Null	
399	376	82.14624	7.392	Contest	202	33.907394	7.142857	Null	
400	377	82.13206	7.393617	Contest	201	33.726936	7.1386137	Null	
401	377	82.03474	7.3952255	Contest	201	33.62962	7.1343284	Null	
402	378	82.03319	7.3952255	Contest	200	33.436527	7.1343284	Null	
403	378	81.93587	7.3968253	Contest	200	33.33921	7.13	Null	
404	379	81.97832	7.3968253	Contest	199	33.10212	7.13	Null	
405	380	82.31859	7.39314	Contest	198	32.567215	7.1457286	Null	
406	380	82.22127	7.389474	Contest	198	32.4699	7.1313133	Null	
407	381	82.52426	7.389474	Contest	197	31.972265	7.1313133	Null	
408	382	82.61961	7.391076	Contest	196	31.682276	7.1269035	Null	
409	382	82.52229	7.39267	Contest	196	31.584957	7.122449	Null	
410	383	82.579544	7.39267	Contest	195	31.33307	7.122449	Null	
411	384	82.62276	7.389034	Contest	194	31.09522	7.1384616	Null	
412	385	82.58988	7.390625	Contest	193	30.933456	7.134021	Null	
413	385	82.49256	7.3922076	Contest	193	30.836138	7.129534	Null	
414	386	82.54522	7.3922076	Contest	192	30.588844	7.129534	Null	
415	387	82.77757	7.3937826	Contest	191	30.161856	7.125	Null	
416	387	82.68025	7.395349	Contest	191	30.064537	7.120419	Null	
417	387	82.58293	7.395349	Contest	191	29.967218	7.120419	Null	
418	388	82.72444	7.395349	Contest	190	29.631067	7.120419	Null	
419	389	82.69843	7.3969073	Contest	189	29.462433	7.1157894	Null	
420	389	82.60111	7.3984575	Contest	189	29.365114	7.111111	Null	
421	389	82.50379	7.3984575	Contest	189	29.267796	7.111111	Null	
422	390	82.52694	7.3984575	Contest	188	29.050009	7.111111	Null	
423	391	82.57048	7.4	Contest	187	28.811829	7.106383	Null	
424	392	82.524734	7.4015346	Contest	186	28.66294	7.1016045	Null	
425	393	82.50835	7.4030614	Contest	185	28.48469	7.096774	Null	
426	394	82.50355	7.40458	Contest	184	28.294851	7.091892	Null	
427	395	82.445175	7.406091	Contest	183	28.158587	7.0869565	Null	
428	395	82.347855	7.407595	Contest	183	28.061268	7.0819674	Null	
429	395	82.250534	7.407595	Contest	183	27.96395	7.0819674	Null	
430	395	82.15321	7.407595	Contest	183	27.86663	7.0819674	Null	
431	396	82.09988	7.407595	Contest	182	27.725325	7.0819674	Null	
432	396	82.002556	7.409091	Contest	182	27.628006	7.076923	Null	
433	396	81.905235	7.409091	Contest	182	27.530687	7.076923	Null	
434	397	81.90011	7.409091	Contest	181	27.341175	7.076923	Null	
435	398	82.165184	7.4055414	Contest	180	26.881464	7.0939226	Null	
436	399	82.402855	7.40201	Contest	179	26.44915	7.077778	Null	
437	399	82.305534	7.4035087	Contest	179	26.351831	7.0726256	Null	
438	400	82.44428	7.4035087	Contest	178	26.018446	7.0726256	Null	
439	401	82.51564	7.405	Contest	177	25.752449	7.0674157	Null	
440	402	82.50489	7.4014964	Contest	176	25.568562	7.084746	Null	
441	402	82.40757	7.402985	Contest	176	25.471243	7.0795455	Null	
442	403	82.362564	7.402985	Contest	175	25.32161	7.0795455	Null	
443	404	82.34644	7.4044666	Contest	174	25.143091	7.0742855	Null	
444	405	82.45278	7.4059405	Contest	173	24.842113	7.0689654	Null	
445	406	82.492485	7.4074073	Contest	172	24.60777	7.063584	Null	
446	406	82.395164	7.408867	Contest	172	24.510452	7.0581393	Null	
447	406	82.297844	7.408867	Contest	172	24.413134	7.0581393	Null	
448	407	82.272285	7.408867	Contest	171	24.244053	7.0581393	Null	
449	408	82.25162	7.4103193	Contest	170	24.070078	7.0526314	Null	
450	408	82.1543	7.4117646	Contest	170	23.97276	7.0411763	Null	
451	408	82.05698	7.4117646	Contest	170	23.87544	7.0411763	Null	
452	408	81.959656	7.4117646	Contest	170	23.778122	7.0411763	Null	
453	408	81.862335	7.4117646	Contest	170	23.680803	7.0411763	Null	
454	408	81.765015	7.4117646	Contest	170	23.583485	7.0411763	Null	
455	408	81.667694	7.4117646	Contest	170	23.486166	7.0411763	Null	
456	409	81.68546	7.4117646	Contest	169	23.273756	7.0411763	Null	
457	409	81.58814	7.413203	Contest	169	23.176437	7.029586	Null	
458	410	81.538734	7.413203	Contest	168	23.031208	7.029586	Null	
459	410	81.441414	7.414634	Contest	168	22.93389	7.017857	Null	
460	411	81.43557	7.414634	Contest	167	22.745098	7.017857	Null	
461	412	81.45434	7.4160585	Contest	166	22.531687	7.0119762	Null	
462	412	81.35702	7.4174757	Contest	166	22.434368	7.006024	Null	
463	413	81.34199	7.4174757	Contest	165	22.25476	7.006024	Null	
464	413	81.24467	7.418886	Contest	165	22.157442	7.0	Null	
465	414	81.17522	7.418886	Contest	164	22.032255	7.0	Null	
466	414	81.077896	7.42029	Contest	163	21.922298	6.993902	Abandon	
467	415	80.99322	7.42029	Contest	163	21.922298	7.01227	Null	
468	416	81.8959	7.4168673	Contest	162	20.82498	7.01227	Null	
469	417	81.991585	7.4134617	Contest	161	20.534655	6.9938273	Null	
470	417	81.894264	7.410072	Contest	161	20.437336	6.9751554	Null	
471	418	81.925995	7.410072	Contest	160	20.210968	6.9751554	Null	
472	418	81.828674	7.416268	Contest	160	20.11365	6.975	Null	
473	418	81.73135	7.416268	Contest	160	20.01633	6.975	Null	
474	418	81.63403	7.416268	Contest	160	19.919012	6.975	Null	
475	418	81.53671	7.416268	Contest	160	19.821693	6.975	Null	
476	418	81.43939	7.416268	Contest	160	19.724375	6.975	Null	
477	418	81.34207	7.416268	Contest	160	19.724375	6.975	Null	
478	418	81.34207	7.416268	Null	160	19.724375	6.975	Null	
479	418	81.34207	7.416268	Null	160	19.724375	6.975	Null	
480	418	81.34207	7.416268	Null	160	19.724375	6.975	Null	
481	418	81.34207	7.416268	Null	160	19.724375	6.975	Null	
482	418	81.34207	7.416268	Null	160	19.724375	6.975	Null	
483	418	81.34207	7.416268	Null	160	19.724375	6.975	Null	
484	418	81.34207	7.416268	Null	160	19.724375	6.975	Null	
485	418	81.34207	7.416268	Null	160	19.724375	6.975	Null	
486	418	81.34207	7.416268	Null	160	19.724375	6.975	Null	
487	418	81.34207	7.416268	Null	160	19.724375	6.975	Null	
